 NR.;DESCRIZIONE COMUNE;POPOLAZIONE CENSITA UOMINI;POPOLAZIONE CENSITA DONNE;POPOLAZIONE CENSITA TOTALE
1;ABANO TERME;9125;10224;19349
2;ABBADIA CERRETO;148;149;297
3;ABBADIA LARIANA;1592;1657;3249
4;ABBADIA SAN SALVATORE;3082;3475;6557
5;ABBASANTA;1416;1412;2828
6;ABBATEGGIO;227;214;441
7;ABBIATEGRASSO;14904;16090;30994
8;ABETONE;335;352;687
9;ABRIOLA;756;815;1571
10;ACATE;5014;4560;9574
11;ACCADIA;1152;1266;2418
12;ACCEGLIO;85;89;174
13;ACCETTURA;982;998;1980
14;ACCIANO;181;170;351
15;ACCUMOLI;330;323;653
16;ACERENZA;1245;1308;2553
17;ACERNO;1426;1446;2872
18;ACERRA;27815;28650;56465
19;ACI BONACCORSI;1538;1662;3200
20;ACI CASTELLO;8707;9415;18122
21;ACI CATENA;14231;14518;28749
22;ACI SANT'ANTONIO;8558;8712;17270
23;ACIREALE;24845;26611;51456
24;ACQUACANINA;65;57;122
25;ACQUAFONDATA;148;134;282
26;ACQUAFORMOSA;569;592;1161
27;ACQUAFREDDA;767;812;1579
28;ACQUALAGNA;2212;2284;4496
29;ACQUANEGRA CREMONESE;623;679;1302
30;ACQUANEGRA SUL CHIESE;1497;1499;2996
31;ACQUAPENDENTE;2732;2923;5655
32;ACQUAPPESA;925;985;1910
33;ACQUARICA DEL CAPO;2347;2551;4898
34;ACQUARO;1191;1257;2448
35;ACQUASANTA TERME;1501;1549;3050
36;ACQUASPARTA;2363;2566;4929
37;ACQUAVIVA COLLECROCE;344;330;674
38;ACQUAVIVA D'ISERNIA;235;220;455
39;ACQUAVIVA DELLE FONTI;10225;10813;21038
40;ACQUAVIVA PICENA;1909;1939;3848
41;ACQUAVIVA PLATANI;503;538;1041
42;ACQUEDOLCI;2829;2915;5744
43;ACQUI TERME;9339;10715;20054
44;ACRI;10467;10991;21458
45;ACUTO;921;989;1910
46;ADELFIA;8389;8712;17101
47;ADRANO;17252;18297;35549
48;ADRARA SAN MARTINO;1132;1029;2161
49;ADRARA SAN ROCCO;427;409;836
50;ADRIA;9664;10569;20233
51;ADRO;3558;3556;7114
52;AFFI;1127;1170;2297
53;AFFILE;747;805;1552
54;AFRAGOLA;31349;32471;63820
55;AFRICO;1636;1574;3210
56;AGAZZANO;1013;1057;2070
57;AGEROLA;3592;3781;7373
58;AGGIUS;776;826;1602
59;AGIRA;4140;4344;8484
60;AGLIANA;8222;8570;16792
61;AGLIANO TERME;819;854;1673
62;AGLIE';1266;1378;2644
63;AGLIENTU;588;583;1171
64;AGNA;1704;1696;3400
65;AGNADELLO;1901;1856;3757
66;AGNANA CALABRA;287;282;569
67;AGNONE;2551;2689;5240
68;AGNOSINE;942;891;1833
69;AGORDO;2013;2236;4249
70;AGOSTA;845;915;1760
71;AGRA;198;181;379
72;AGRATE BRIANZA;7236;7534;14770
73;AGRATE CONTURBIA;780;774;1554
74;AGRIGENTO;28328;29995;58323
75;AGROPOLI;10040;10570;20610
76;AGUGLIANO;2377;2493;4870
77;AGUGLIARO;740;682;1422
78;AICURZIO;1011;1056;2067
79;AIDOMAGGIORE;221;251;472
80;AIDONE;2350;2579;4929
81;AIELLI;696;762;1458
82;AIELLO CALABRO;926;981;1907
83;AIELLO DEL FRIULI;1103;1169;2272
84;AIELLO DEL SABATO;1956;2015;3971
85;AIETA;422;417;839
86;AILANO;647;733;1380
87;AILOCHE;158;172;330
88;AIRASCA;1930;1889;3819
89;AIROLA;3980;4082;8062
90;AIROLE;239;222;461
91;AIRUNO;1460;1519;2979
92;AISONE;125;129;254
93;ALA;4403;4484;8887
94;ALA DI STURA;244;218;462
95;ALA' DEI SARDI;986;961;1947
96;ALAGNA;438;444;882
97;ALAGNA VALSESIA;220;200;420
98;ALANNO;1737;1871;3608
99;ALANO DI PIAVE;1446;1480;2926
100;ALASSIO;5069;5957;11026
101;ALATRI;14057;14552;28609
102;ALBA;14508;16296;30804
103;ALBA ADRIATICA;5495;6070;11565
104;ALBAGIARA;133;144;277
105;ALBAIRATE;2321;2300;4621
106;ALBANELLA;3159;3344;6503
107;ALBANO DI LUCANIA;750;724;1474
108;ALBANO LAZIALE;18412;20021;38433
109;ALBANO SANT'ALESSANDRO;4034;3995;8029
110;ALBANO VERCELLESE;173;161;334
111;ALBAREDO ARNABOLDI;123;102;225
112;ALBAREDO D'ADIGE;2600;2632;5232
113;ALBAREDO PER SAN MARCO;183;166;349
114;ALBARETO;1051;1114;2165
115;ALBARETTO DELLA TORRE;133;126;259
116;ALBAVILLA;3006;3249;6255
117;ALBENGA;11341;12235;23576
118;ALBERA LIGURE;174;155;329
119;ALBEROBELLO;5289;5635;10924
120;ALBERONA;478;524;1002
121;ALBESE CON CASSANO;2025;2139;4164
122;ALBETTONE;1042;1024;2066
123;ALBI;494;516;1010
124;ALBIANO;770;738;1508
125;ALBIANO D'IVREA;883;908;1791
126;ALBIATE;3017;3173;6190
127;ALBIDONA;728;735;1463
128;ALBIGNASEGO;11323;12141;23464
129;ALBINEA;4316;4439;8755
130;ALBINO;8864;9223;18087
131;ALBIOLO;1342;1337;2679
132;ALBISOLA SUPERIORE;4839;5568;10407
133;ALBISSOLA MARINA;2555;3009;5564
134;ALBIZZATE;2576;2716;5292
135;ALBONESE;267;298;565
136;ALBOSAGGIA;1554;1592;3146
137;ALBUGNANO;278;263;541
138;ALBUZZANO;1678;1677;3355
139;ALCAMO;22024;23290;45314
140;ALCARA LI FUSI;985;1087;2072
141;ALDENO;1496;1540;3036
142;ALDINO/ALDEIN;824;827;1651
143;ALES;776;739;1515
144;ALESSANDRIA;42129;47282;89411
145;ALESSANDRIA DEL CARRETTO;274;256;530
146;ALESSANDRIA DELLA ROCCA;1465;1653;3118
147;ALESSANO;3028;3452;6480
148;ALEZIO;2695;2916;5611
149;ALFANO;540;557;1097
150;ALFEDENA;395;390;785
151;ALFIANELLO;1227;1224;2451
152;ALFIANO NATTA;359;395;754
153;ALFONSINE;5850;6395;12245
154;ALGHERO;19413;21228;40641
155;ALGUA;358;363;721
156;ALI';416;407;823
157;ALI' TERME;1227;1340;2567
158;ALIA;1802;2004;3806
159;ALIANO;520;562;1082
160;ALICE BEL COLLE;408;366;774
161;ALICE CASTELLO;1349;1372;2721
162;ALICE SUPERIORE;356;345;701
163;ALIFE;3818;3842;7660
164;ALIMENA;998;1154;2152
165;ALIMINUSA;645;646;1291
166;ALLAI;191;179;370
167;ALLEGHE;614;717;1331
168;ALLEIN;124;124;248
169;ALLERONA;895;964;1859
170;ALLISTE;3152;3505;6657
171;ALLUMIERE;2039;2094;4133
172;ALLUVIONI CAMBIO';455;506;961
173;ALME';2747;2918;5665
174;ALMENNO SAN BARTOLOMEO;2990;3040;6030
175;ALMENNO SAN SALVATORE;2823;3008;5831
176;ALMESE;3066;3237;6303
177;ALONTE;836;811;1647
178;ALPETTE;136;141;277
179;ALPIGNANO;8230;8663;16893
180;ALSENO;2372;2451;4823
181;ALSERIO;587;589;1176
182;ALTAMURA;34167;35362;69529
183;ALTARE;1031;1096;2127
184;ALTAVILLA IRPINA;2073;2207;4280
185;ALTAVILLA MILICIA;3705;3724;7429
186;ALTAVILLA MONFERRATO;261;236;497
187;ALTAVILLA SILENTINA;3412;3585;6997
188;ALTAVILLA VICENTINA;5813;5947;11760
189;ALTIDONA;1577;1657;3234
190;ALTILIA;396;341;737
191;ALTINO;1360;1473;2833
192;ALTISSIMO;1162;1104;2266
193;ALTIVOLE;3337;3383;6720
194;ALTO;62;59;121
195;ALTOFONTE;5016;5250;10266
196;ALTOMONTE;2158;2183;4341
197;ALTOPASCIO;7432;7640;15072
198;ALVIANO;719;795;1514
199;ALVIGNANO;2388;2526;4914
200;ALVITO;1375;1477;2852
201;ALZANO LOMBARDO;6633;6958;13591
202;ALZANO SCRIVIA;193;187;380
203;ALZATE BRIANZA;2490;2529;5019
204;AMALFI;2480;2683;5163
205;AMANDOLA;1804;1905;3709
206;AMANTEA;6667;7087;13754
207;AMARO;386;455;841
208;AMARONI;944;941;1885
209;AMASENO;2163;2151;4314
210;AMATO;392;445;837
211;AMATRICE;1351;1295;2646
212;AMBIVERE;1207;1147;2354
213;AMBLAR;112;117;229
214;AMEGLIA;2112;2372;4484
215;AMELIA;5712;6069;11781
216;AMENDOLARA;1480;1521;3001
217;AMENO;420;454;874
218;AMOROSI;1370;1466;2836
219;AMPEZZO;506;524;1030
220;ANACAPRI;3184;3362;6546
221;ANAGNI;10552;10889;21441
222;ANCARANO;912;965;1877
223;ANCONA;47602;52895;100497
224;ANDALI;381;414;795
225;ANDALO;512;514;1026
226;ANDALO VALTELLINO;286;266;552
227;ANDEZENO;976;990;1966
228;ANDORA;3527;3943;7470
229;ANDORNO MICCA;1638;1769;3407
230;ANDRANO;2356;2606;4962
231;ANDRATE;271;241;512
232;ANDREIS;134;148;282
233;ANDRETTA;978;1078;2056
234;ANDRIA;49290;50762;100052
235;ANDRIANO/ANDRIAN;528;507;1035
236;ANELA;338;335;673
237;ANFO;243;229;472
238;ANGERA;2714;2908;5622
239;ANGHIARI;2762;2910;5672
240;ANGIARI;1042;1122;2164
241;ANGOLO TERME;1255;1248;2503
242;ANGRI;15899;16677;32576
243;ANGROGNA;446;424;870
244;ANGUILLARA SABAZIA;9146;9429;18575
245;ANGUILLARA VENETA;2231;2363;4594
246;ANNICCO;1023;1052;2075
247;ANNONE DI BRIANZA;1126;1166;2292
248;ANNONE VENETO;1999;1977;3976
249;ANOIA;1066;1180;2246
250;ANTEGNATE;1546;1561;3107
251;ANTERIVO/ALTREI;198;185;383
252;ANTEY-SAINT-ANDRE';307;319;626
253;ANTICOLI CORRADO;470;472;942
254;ANTIGNANO;500;525;1025
255;ANTILLO;500;492;992
256;ANTONIMINA;697;664;1361
257;ANTRODOCO;1345;1359;2704
258;ANTRONA SCHIERANCO;226;241;467
259;ANVERSA DEGLI ABRUZZI;175;193;368
260;ANZANO DEL PARCO;854;903;1757
261;ANZANO DI PUGLIA;771;846;1617
262;ANZI;850;915;1765
263;ANZIO;24374;25357;49731
264;ANZOLA D'OSSOLA;224;224;448
265;ANZOLA DELL'EMILIA;5884;5967;11851
266;AOSTA;15863;18239;34102
267;APECCHIO;989;1024;2013
268;APICE;2840;2962;5802
269;APIRO;1169;1252;2421
270;APOLLOSA;1315;1382;2697
271;APPIANO GENTILE;3729;3989;7718
272;APPIANO SULLA STRADA DEL VINO/EPPAN AN DER WEINSTRASSE;6878;7110;13988
273;APPIGNANO;2052;2160;4212
274;APPIGNANO DEL TRONTO;891;961;1852
275;APRICA;763;825;1588
276;APRICALE;319;306;625
277;APRICENA;6609;6826;13435
278;APRIGLIANO;1433;1535;2968
279;APRILIA;32995;33984;66979
280;AQUARA;751;799;1550
281;AQUILA D'ARROSCIA;84;92;176
282;AQUILEIA;1673;1768;3441
283;AQUILONIA;911;904;1815
284;AQUINO;2603;2706;5309
285;ARADEO;4695;5060;9755
286;ARAGONA;4561;4932;9493
287;ARAMENGO;314;318;632
288;ARBA;645;664;1309
289;ARBOREA;2016;2032;4048
290;ARBORIO;476;433;909
291;ARBUS;3245;3330;6575
292;ARCADE;2178;2188;4366
293;ARCE;2805;2978;5783
294;ARCENE;2370;2361;4731
295;ARCEVIA;2361;2553;4914
296;ARCHI;1102;1180;2282
297;ARCIDOSSO;2110;2203;4313
298;ARCINAZZO ROMANO;696;698;1394
299;ARCISATE;4787;5063;9850
300;ARCO;8162;8709;16871
301;ARCOLA;4984;5332;10316
302;ARCOLE;3026;3118;6144
303;ARCONATE;3235;3289;6524
304;ARCORE;8331;8954;17285
305;ARCUGNANO;3943;3956;7899
306;ARDARA;409;391;800
307;ARDAULI;448;498;946
308;ARDEA;22145;22057;44202
309;ARDENNO;1613;1657;3270
310;ARDESIO;1824;1808;3632
311;ARDORE;2282;2478;4760
312;ARENA;744;788;1532
313;ARENA PO;810;815;1625
314;ARENZANO;5507;6077;11584
315;ARESE;9296;9842;19138
316;AREZZO;46857;51287;98144
317;ARGEGNO;333;334;667
318;ARGELATO;4736;4920;9656
319;ARGENTA;10617;11516;22133
320;ARGENTERA;43;36;79
321;ARGUELLO;102;99;201
322;ARGUSTO;258;271;529
323;ARI;581;584;1165
324;ARIANO IRPINO;10996;11521;22517
325;ARIANO NEL POLESINE;2228;2326;4554
326;ARICCIA;8839;9472;18311
327;ARIELLI;542;602;1144
328;ARIENZO;2628;2705;5333
329;ARIGNANO;538;501;1039
330;ARITZO;668;660;1328
331;ARIZZANO;960;1080;2040
332;ARLENA DI CASTRO;429;457;886
333;ARLUNO;5641;5854;11495
334;ARMENO;1045;1156;2201
335;ARMENTO;329;350;679
336;ARMO;58;66;124
337;ARMUNGIA;250;239;489
338;ARNAD;611;683;1294
339;ARNARA;1129;1250;2379
340;ARNASCO;332;298;630
341;ARNESANO;1917;2036;3953
342;AROLA;127;123;250
343;ARONA;6539;7656;14195
344;AROSIO;2441;2546;4987
345;ARPAIA;1013;1003;2016
346;ARPAISE;412;418;830
347;ARPINO;3546;3840;7386
348;ARQUA' PETRARCA;930;917;1847
349;ARQUA' POLESINE;1371;1440;2811
350;ARQUATA DEL TRONTO;640;647;1287
351;ARQUATA SCRIVIA;2914;3154;6068
352;ARRE;1086;1105;2191
353;ARRONE;1370;1469;2839
354;ARSAGO SEPRIO;2414;2431;4845
355;ARSIE';1191;1274;2465
356;ARSIERO;1641;1662;3303
357;ARSITA;430;441;871
358;ARSOLI;776;871;1647
359;ARTA TERME;1107;1136;2243
360;ARTEGNA;1407;1470;2877
361;ARTENA;6781;6884;13665
362;ARTOGNE;1795;1776;3571
363;ARVIER;452;440;892
364;ARZACHENA;5723;5724;11447
365;ARZAGO D'ADDA;1380;1380;2760
366;ARZANA;1253;1248;2501
367;ARZANO;17094;17839;34933
368;ARZENE;872;905;1777
369;ARZERGRANDE;2295;2387;4682
370;ARZIGNANO;12836;12753;25589
371;ASCEA;2777;2803;5580
372;ASCIANO;3523;3705;7228
373;ASCOLI PICENO;23987;25971;49958
374;ASCOLI SATRIANO;3074;3120;6194
375;ASCREA;143;123;266
376;ASIAGO;3035;3356;6391
377;ASIGLIANO VENETO;440;437;877
378;ASIGLIANO VERCELLESE;668;733;1401
379;ASOLA;4862;5215;10077
380;ASOLO;4434;4518;8952
381;ASSAGO;4018;4106;8124
382;ASSEMINI;13073;13547;26620
383;ASSISI;13161;14216;27377
384;ASSO;1757;1868;3625
385;ASSOLO;220;214;434
386;ASSORO;2639;2727;5366
387;ASTI;34962;38937;73899
388;ASUNI;178;179;357
389;ATELETA;556;597;1153
390;ATELLA;1913;1950;3863
391;ATENA LUCANA;1117;1171;2288
392;ATESSA;5286;5475;10761
393;ATINA;2125;2336;4461
394;ATRANI;439;448;887
395;ATRI;5408;5704;11112
396;ATRIPALDA;5328;5598;10926
397;ATTIGLIANO;935;982;1917
398;ATTIMIS;903;958;1861
399;ATZARA;620;590;1210
400;AUDITORE;815;809;1624
401;AUGUSTA;17988;18181;36169
402;AULETTA;1188;1218;2406
403;AULLA;5417;5867;11284
404;AURANO;52;51;103
405;AURIGO;173;173;346
406;AURONZO DI CADORE;1645;1808;3453
407;AUSONIA;1311;1339;2650
408;AUSTIS;425;451;876
409;AVEGNO;1249;1290;2539
410;AVELENGO/HAFLING;363;376;739
411;AVELLA;3823;3965;7788
412;AVELLINO;25418;28804;54222
413;AVERARA;91;91;182
414;AVERSA;25307;27523;52830
415;AVETRANA;3385;3639;7024
416;AVEZZANO;19534;21210;40744
417;AVIANO;4403;4622;9025
418;AVIATICO;273;244;517
419;AVIGLIANA;5908;6221;12129
420;AVIGLIANO;5695;6101;11796
421;AVIGLIANO UMBRO;1298;1270;2568
422;AVIO;2023;2092;4115
423;AVISE;170;178;348
424;AVOLA;15372;15956;31328
425;AVOLASCA;148;158;306
426;AYAS;685;674;1359
427;AYMAVILLES;1025;1047;2072
428;AZEGLIO;654;693;1347
429;AZZANELLO;353;364;717
430;AZZANO D'ASTI;196;223;419
431;AZZANO DECIMO;7652;7902;15554
432;AZZANO MELLA;1530;1439;2969
433;AZZANO SAN PAOLO;3708;3889;7597
434;AZZATE;2248;2306;4554
435;AZZIO;408;394;802
436;AZZONE;227;206;433
437;BACENO;449;473;922
438;BACOLI;13023;13625;26648
439;BADALUCCO;577;613;1190
440;BADESI;919;979;1898
441;BADIA CALAVENA;1380;1281;2661
442;BADIA PAVESE;203;199;402
443;BADIA POLESINE;5108;5428;10536
444;BADIA TEDALDA;563;528;1091
445;BADIA/ABTEI;1646;1714;3360
446;BADOLATO;1518;1665;3183
447;BAGALADI;511;571;1082
448;BAGHERIA;26342;27915;54257
449;BAGNACAVALLO;8060;8655;16715
450;BAGNARA CALABRA;5242;5380;10622
451;BAGNARA DI ROMAGNA;1177;1171;2348
452;BAGNARIA;319;356;675
453;BAGNARIA ARSA;1731;1846;3577
454;BAGNASCO;505;533;1038
455;BAGNATICA;2057;2097;4154
456;BAGNI DI LUCCA;2969;3238;6207
457;BAGNO A RIPOLI;12074;13329;25403
458;BAGNO DI ROMAGNA;2985;3153;6138
459;BAGNOLI DEL TRIGNO;374;398;772
460;BAGNOLI DI SOPRA;1767;1859;3626
461;BAGNOLI IRPINO;1629;1645;3274
462;BAGNOLO CREMASCO;2417;2371;4788
463;BAGNOLO DEL SALENTO;904;975;1879
464;BAGNOLO DI PO;688;686;1374
465;BAGNOLO IN PIANO;4577;4809;9386
466;BAGNOLO MELLA;6244;6448;12692
467;BAGNOLO PIEMONTE;2978;3062;6040
468;BAGNOLO SAN VITO;2864;3010;5874
469;BAGNONE;935;991;1926
470;BAGNOREGIO;1785;1889;3674
471;BAGOLINO;1969;1971;3940
472;BAIA E LATINA;1119;1132;2251
473;BAIANO;2318;2412;4730
474;BAIRO;397;419;816
475;BAISO;1739;1664;3403
476;BAJARDO;157;155;312
477;BALANGERO;1523;1638;3161
478;BALDICHIERI D'ASTI;554;560;1114
479;BALDISSERO CANAVESE;243;291;534
480;BALDISSERO D'ALBA;554;532;1086
481;BALDISSERO TORINESE;1887;1896;3783
482;BALESTRATE;3100;3313;6413
483;BALESTRINO;280;317;597
484;BALLABIO;2057;1961;4018
485;BALLAO;455;422;877
486;BALME;49;46;95
487;BALMUCCIA;40;54;94
488;BALOCCO;127;112;239
489;BALSORANO;1779;1876;3655
490;BALVANO;955;906;1861
491;BALZOLA;691;729;1420
492;BANARI;301;309;610
493;BANCHETTE;1538;1742;3280
494;BANNIO ANZINO;260;258;518
495;BANZI;702;704;1406
496;BAONE;1569;1539;3108
497;BARADILI;47;43;90
498;BARAGIANO;1309;1366;2675
499;BARANELLO;1299;1433;2732
500;BARANO D'ISCHIA;4888;4994;9882
501;BARANZATE;5402;5377;10779
502;BARASSO;795;915;1710
503;BARATILI SAN PIETRO;663;666;1329
504;BARBANIA;801;822;1623
505;BARBARA;692;716;1408
506;BARBARANO ROMANO;549;536;1085
507;BARBARANO VICENTINO;2227;2349;4576
508;BARBARESCO;346;331;677
509;BARBARIGA;1211;1177;2388
510;BARBATA;355;343;698
511;BARBERINO DI MUGELLO;5148;5313;10461
512;BARBERINO VAL D'ELSA;2130;2221;4351
513;BARBIANELLO;440;450;890
514;BARBIANO/BARBIAN;818;778;1596
515;BARBONA;367;366;733
516;BARCELLONA POZZO DI GOTTO;20228;21404;41632
517;BARCHI;495;506;1001
518;BARCIS;139;122;261
519;BARD;59;66;125
520;BARDELLO;735;815;1550
521;BARDI;1151;1186;2337
522;BARDINETO;339;358;697
523;BARDOLINO;3253;3461;6714
524;BARDONECCHIA;1570;1642;3212
525;BAREGGIO;8327;8708;17035
526;BARENGO;419;433;852
527;BARESSA;372;351;723
528;BARETE;338;341;679
529;BARGA;4943;5182;10125
530;BARGAGLI;1421;1389;2810
531;BARGE;3921;3940;7861
532;BARGHE;616;572;1188
533;BARI;150770;165163;315933
534;BARI SARDO;1921;2017;3938
535;BARIANO;2267;2083;4350
536;BARICELLA;3304;3459;6763
537;BARILE;1370;1535;2905
538;BARISCIANO;902;951;1853
539;BARLASSINA;3340;3486;6826
540;BARLETTA;46908;47331;94239
541;BARNI;303;294;597
542;BAROLO;328;377;705
543;BARONE CANAVESE;308;291;599
544;BARONISSI;8242;8548;16790
545;BARRAFRANCA;6653;7324;13977
546;BARRALI;587;552;1139
547;BARREA;360;366;726
548;BARUMINI;653;657;1310
549;BARZAGO;1300;1277;2577
550;BARZANA;905;885;1790
551;BARZANO';2550;2621;5171
552;BARZIO;603;694;1297
553;BASALUZZO;1028;1043;2071
554;BASCAPE';869;846;1715
555;BASCHI;1370;1433;2803
556;BASCIANO;1226;1212;2438
557;BASELGA DI PINE';2421;2507;4928
558;BASELICE;1237;1318;2555
559;BASIANO;1807;1832;3639
560;BASICO';317;362;679
561;BASIGLIO;3731;3836;7567
562;BASILIANO;2639;2714;5353
563;BASSANO BRESCIANO;1114;1110;2224
564;BASSANO DEL GRAPPA;20457;22527;42984
565;BASSANO IN TEVERINA;640;637;1277
566;BASSANO ROMANO;2397;2437;4834
567;BASSIANO;788;792;1580
568;BASSIGNANA;832;910;1742
569;BASTIA MONDOVI';316;330;646
570;BASTIA UMBRA;10506;11147;21653
571;BASTIDA DE' DOSSI;82;90;172
572;BASTIDA PANCARANA;520;512;1032
573;BASTIGLIA;1993;1992;3985
574;BATTAGLIA TERME;1857;2076;3933
575;BATTIFOLLO;118;116;234
576;BATTIPAGLIA;24531;25933;50464
577;BATTUDA;287;295;582
578;BAUCINA;999;1015;2014
579;BAULADU;349;354;703
580;BAUNEI;1809;1907;3716
581;BAVENO;2404;2513;4917
582;BAZZANO;3275;3448;6723
583;BEDERO VALCUVIA;330;337;667
584;BEDIZZOLE;5803;6013;11816
585;BEDOLLO;751;728;1479
586;BEDONIA;1801;1816;3617
587;BEDULITA;369;354;723
588;BEE;351;378;729
589;BEINASCO;8704;9400;18104
590;BEINETTE;1567;1633;3200
591;BELCASTRO;700;700;1400
592;BELFIORE;1503;1505;3008
593;BELFORTE ALL'ISAURO;386;402;788
594;BELFORTE DEL CHIENTI;903;957;1860
595;BELFORTE MONFERRATO;259;246;505
596;BELGIOIOSO;3017;3270;6287
597;BELGIRATE;250;296;546
598;BELLA;2594;2646;5240
599;BELLAGIO;1453;1614;3067
600;BELLANO;1582;1682;3264
601;BELLANTE;3542;3618;7160
602;BELLARIA-IGEA MARINA;8989;9602;18591
603;BELLEGRA;1438;1510;2948
604;BELLINO;73;62;135
605;BELLINZAGO LOMBARDO;1859;1951;3810
606;BELLINZAGO NOVARESE;4680;4695;9375
607;BELLIZZI;6394;6577;12971
608;BELLONA;2814;2891;5705
609;BELLOSGUARDO;413;440;853
610;BELLUNO;16761;18830;35591
611;BELLUSCO;3534;3678;7212
612;BELMONTE CALABRO;974;1033;2007
613;BELMONTE CASTELLO;406;372;778
614;BELMONTE DEL SANNIO;373;437;810
615;BELMONTE IN SABINA;332;317;649
616;BELMONTE MEZZAGNO;5516;5633;11149
617;BELMONTE PICENO;324;340;664
618;BELPASSO;13054;13324;26378
619;BELSITO;472;486;958
620;BELVEDERE DI SPINELLO;1136;1191;2327
621;BELVEDERE LANGHE;182;188;370
622;BELVEDERE MARITTIMO;4341;4779;9120
623;BELVEDERE OSTRENSE;1127;1161;2288
624;BELVEGLIO;163;163;326
625;BELVI';327;338;665
626;BEMA;67;63;130
627;BENE LARIO;171;171;342
628;BENE VAGIENNA;1844;1827;3671
629;BENESTARE;1233;1209;2442
630;BENETUTTI;957;1014;1971
631;BENEVELLO;237;220;457
632;BENEVENTO;29135;32354;61489
633;BENNA;593;597;1190
634;BENTIVOGLIO;2637;2721;5358
635;BERBENNO;1179;1263;2442
636;BERBENNO DI VALTELLINA;2096;2212;4308
637;BERCETO;1092;1052;2144
638;BERCHIDDA;1437;1460;2897
639;BEREGAZZO CON FIGLIARO;1251;1326;2577
640;BEREGUARDO;1386;1389;2775
641;BERGAMASCO;369;396;765
642;BERGAMO;53394;61955;115349
643;BERGANTINO;1268;1358;2626
644;BERGEGGI;528;598;1126
645;BERGOLO;32;35;67
646;BERLINGO;1324;1258;2582
647;BERNALDA;6066;6198;12264
648;BERNAREGGIO;5339;5216;10555
649;BERNATE TICINO;1506;1565;3071
650;BERNEZZO;1820;1965;3785
651;BERRA;2488;2672;5160
652;BERSONE;147;142;289
653;BERTINORO;5337;5461;10798
654;BERTIOLO;1251;1326;2577
655;BERTONICO;619;549;1168
656;BERZANO DI SAN PIETRO;216;215;431
657;BERZANO DI TORTONA;87;84;171
658;BERZO DEMO;860;860;1720
659;BERZO INFERIORE;1230;1226;2456
660;BERZO SAN FERMO;669;629;1298
661;BESANA IN BRIANZA;7582;7928;15510
662;BESANO;1291;1312;2603
663;BESATE;998;1024;2022
664;BESENELLO;1277;1234;2511
665;BESENZONE;500;476;976
666;BESNATE;2694;2770;5464
667;BESOZZO;4316;4678;8994
668;BESSUDE;191;237;428
669;BETTOLA;1496;1503;2999
670;BETTONA;2065;2237;4302
671;BEURA-CARDEZZA;720;717;1437
672;BEVAGNA;2492;2582;5074
673;BEVERINO;1166;1237;2403
674;BEVILACQUA;912;875;1787
675;BIANCAVILLA;11479;12224;23703
676;BIANCHI;690;677;1367
677;BIANCO;1960;2165;4125
678;BIANDRATE;600;600;1200
679;BIANDRONNO;1583;1702;3285
680;BIANZANO;296;309;605
681;BIANZE';982;1046;2028
682;BIANZONE;627;646;1273
683;BIASSONO;5679;6018;11697
684;BIBBIANO;4917;5048;9965
685;BIBBIENA;6039;6245;12284
686;BIBBONA;1617;1592;3209
687;BIBIANA;1653;1723;3376
688;BICCARI;1412;1460;2872
689;BICINICCO;947;975;1922
690;BIDONI';76;71;147
691;BIELLA;20248;23570;43818
692;BIENNO;1759;1815;3574
693;BIENO;199;231;430
694;BIENTINA;3760;4006;7766
695;BIGARELLO;1042;1041;2083
696;BINAGO;2406;2370;4776
697;BINASCO;3413;3745;7158
698;BINETTO;1093;1069;2162
699;BIOGLIO;493;493;986
700;BIONAZ;124;110;234
701;BIONE;721;750;1471
702;BIRORI;284;277;561
703;BISACCIA;1897;2022;3919
704;BISACQUINO;2311;2518;4829
705;BISCEGLIE;27052;27626;54678
706;BISEGNA;120;141;261
707;BISENTI;1038;1031;2069
708;BISIGNANO;5126;5209;10335
709;BISTAGNO;931;999;1930
710;BISUSCHIO;2066;2201;4267
711;BITETTO;5885;5914;11799
712;BITONTO;27639;28619;56258
713;BITRITTO;5364;5514;10878
714;BITTI;1437;1582;3019
715;BIVONA;1895;1987;3882
716;BIVONGI;674;724;1398
717;BIZZARONE;750;767;1517
718;BLEGGIO SUPERIORE;776;824;1600
719;BLELLO;38;38;76
720;BLERA;1649;1707;3356
721;BLESSAGNO;144;140;284
722;BLEVIO;555;630;1185
723;BLUFI;507;576;1083
724;BOARA PISANI;1293;1318;2611
725;BOBBIO;1767;1944;3711
726;BOBBIO PELLICE;279;287;566
727;BOCA;616;611;1227
728;BOCCHIGLIERO;687;792;1479
729;BOCCIOLETO;102;117;219
730;BOCENAGO;202;205;407
731;BODIO LOMNAGO;1045;1074;2119
732;BOFFALORA D'ADDA;859;846;1705
733;BOFFALORA SOPRA TICINO;2072;2123;4195
734;BOGLIASCO;2099;2387;4486
735;BOGNANCO;120;110;230
736;BOGOGNO;655;670;1325
737;BOISSANO;1205;1232;2437
738;BOJANO;3817;4129;7946
739;BOLANO;3817;3942;7759
740;BOLBENO;188;174;362
741;BOLGARE;2908;2852;5760
742;BOLLATE;17039;18518;35557
743;BOLLENGO;1060;1052;2112
744;BOLOGNA;172422;198915;371337
745;BOLOGNANO;573;584;1157
746;BOLOGNETTA;1958;1974;3932
747;BOLOGNOLA;84;77;161
748;BOLOTANA;1347;1499;2846
749;BOLSENA;1970;2167;4137
750;BOLTIERE;2951;2863;5814
751;BOLZANO NOVARESE;595;581;1176
752;BOLZANO VICENTINO;3253;3256;6509
753;BOLZANO/BOZEN;48725;53850;102575
754;BOMARZO;904;910;1814
755;BOMBA;429;456;885
756;BOMPENSIERE;303;307;610
757;BOMPIETRO;672;802;1474
758;BOMPORTO;4877;4884;9761
759;BONARCADO;826;801;1627
760;BONASSOLA;468;527;995
761;BONATE SOPRA;4388;4532;8920
762;BONATE SOTTO;3270;3185;6455
763;BONAVIGO;1029;995;2024
764;BONDENO;7207;7909;15116
765;BONDO;350;348;698
766;BONDONE;337;331;668
767;BONEA;739;744;1483
768;BONEFRO;724;804;1528
769;BONEMERSE;740;745;1485
770;BONIFATI;1392;1520;2912
771;BONITO;1243;1283;2526
772;BONNANARO;472;549;1021
773;BONO;1786;1850;3636
774;BONORVA;1806;1863;3669
775;BONVICINO;59;48;107
776;BORBONA;326;324;650
777;BORCA DI CADORE;396;422;818
778;BORDANO;378;411;789
779;BORDIGHERA;4720;5696;10416
780;BORDOLANO;311;310;621
781;BORE;407;392;799
782;BORETTO;2599;2664;5263
783;BORGARELLO;1346;1313;2659
784;BORGARO TORINESE;6677;6943;13620
785;BORGETTO;3451;3570;7021
786;BORGHETTO D'ARROSCIA;234;229;463
787;BORGHETTO DI BORBERA;991;1000;1991
788;BORGHETTO DI VARA;490;518;1008
789;BORGHETTO LODIGIANO;2154;2225;4379
790;BORGHETTO SANTO SPIRITO;2365;2789;5154
791;BORGHI;1356;1362;2718
792;BORGIA;3651;3767;7418
793;BORGIALLO;269;281;550
794;BORGIO VEREZZI;1065;1262;2327
795;BORGO A MOZZANO;3521;3706;7227
796;BORGO D'ALE;1280;1308;2588
797;BORGO DI TERZO;541;549;1090
798;BORGO PACE;320;323;643
799;BORGO PRIOLO;701;681;1382
800;BORGO SAN DALMAZZO;5995;6377;12372
801;BORGO SAN GIACOMO;2762;2734;5496
802;BORGO SAN GIOVANNI;1132;1081;2213
803;BORGO SAN LORENZO;8584;9270;17854
804;BORGO SAN MARTINO;720;750;1470
805;BORGO SAN SIRO;516;519;1035
806;BORGO TICINO;2480;2449;4929
807;BORGO TOSSIGNANO;1629;1673;3302
808;BORGO VAL DI TARO;3527;3748;7275
809;BORGO VALSUGANA;3306;3520;6826
810;BORGO VELINO;479;511;990
811;BORGO VERCELLI;1104;1191;2295
812;BORGOFORTE;1713;1774;3487
813;BORGOFRANCO D'IVREA;1746;1897;3643
814;BORGOFRANCO SUL PO;374;416;790
815;BORGOLAVEZZARO;1007;1076;2083
816;BORGOMALE;199;190;389
817;BORGOMANERO;10014;11152;21166
818;BORGOMARO;445;428;873
819;BORGOMASINO;389;446;835
820;BORGONE SUSA;1157;1163;2320
821;BORGONOVO VAL TIDONE;3731;3900;7631
822;BORGORATTO ALESSANDRINO;289;328;617
823;BORGORATTO MORMOROLO;203;220;423
824;BORGORICCO;4250;4228;8478
825;BORGOROSE;2367;2248;4615
826;BORGOSATOLLO;4533;4561;9094
827;BORGOSESIA;6115;6916;13031
828;BORMIDA;199;202;401
829;BORMIO;1945;2091;4036
830;BORNASCO;1345;1244;2589
831;BORNO;1283;1347;2630
832;BORONEDDU;82;83;165
833;BORORE;1063;1127;2190
834;BORRELLO;173;195;368
835;BORRIANA;414;466;880
836;BORSO DEL GRAPPA;2943;2970;5913
837;BORTIGALI;673;744;1417
838;BORTIGIADAS;387;413;800
839;BORUTTA;131;154;285
840;BORZONASCA;1045;1079;2124
841;BOSA;3891;4135;8026
842;BOSARO;729;779;1508
843;BOSCHI SANT'ANNA;709;745;1454
844;BOSCO CHIESANUOVA;1834;1712;3546
845;BOSCO MARENGO;1267;1264;2531
846;BOSCONERO;1500;1556;3056
847;BOSCOREALE;13407;14050;27457
848;BOSCOTRECASE;5026;5390;10416
849;BOSENTINO;394;435;829
850;BOSIA;88;93;181
851;BOSIO;647;593;1240
852;BOSISIO PARINI;1736;1768;3504
853;BOSNASCO;329;304;633
854;BOSSICO;477;492;969
855;BOSSOLASCO;328;348;676
856;BOTRICELLO;2391;2515;4906
857;BOTRUGNO;1362;1489;2851
858;BOTTANUCO;2600;2576;5176
859;BOTTICINO;5187;5601;10788
860;BOTTIDDA;371;365;736
861;BOVA;232;229;461
862;BOVA MARINA;2007;2135;4142
863;BOVALINO;4394;4420;8814
864;BOVEGNO;1137;1132;2269
865;BOVES;4819;4906;9725
866;BOVEZZO;3649;3834;7483
867;BOVILLE ERNICA;4364;4447;8811
868;BOVINO;1697;1865;3562
869;BOVISIO-MASCIAGO;8104;8492;16596
870;BOVOLENTA;1673;1676;3349
871;BOVOLONE;7857;7989;15846
872;BOZZOLE;158;173;331
873;BOZZOLO;2030;2151;4181
874;BRA;13940;14995;28935
875;BRACCA;371;378;749
876;BRACCIANO;8946;9603;18549
877;BRACIGLIANO;2709;2730;5439
878;BRAIES/PRAGS;335;337;672
879;BRALLO DI PREGOLA;361;328;689
880;BRANCALEONE;1739;1885;3624
881;BRANDICO;827;784;1611
882;BRANDIZZO;4113;4289;8402
883;BRANZI;374;358;732
884;BRAONE;324;333;657
885;BREBBIA;1636;1726;3362
886;BREDA DI PIAVE;3881;3869;7750
887;BREGANO;428;411;839
888;BREGANZE;4208;4485;8693
889;BREGNANO;3131;3098;6229
890;BREGUZZO;283;289;572
891;BREIA;85;93;178
892;BREMBATE;4195;4098;8293
893;BREMBATE DI SOPRA;3866;3905;7771
894;BREMBILLA;2075;2075;4150
895;BREMBIO;1304;1343;2647
896;BREME;407;446;853
897;BRENDOLA;3335;3387;6722
898;BRENNA;1031;980;2011
899;BRENNERO/BRENNER;1073;1014;2087
900;BRENO;2382;2538;4920
901;BRENTA;898;900;1798
902;BRENTINO BELLUNO;707;699;1406
903;BRENTONICO;1929;1953;3882
904;BRENZONE SUL GARDA;1140;1356;2496
905;BRESCELLO;2764;2782;5546
906;BRESCIA;88842;101060;189902
907;BRESIMO;125;129;254
908;BRESSANA BOTTARONE;1735;1800;3535
909;BRESSANONE/BRIXEN;10008;10669;20677
910;BRESSANVIDO;1563;1545;3108
911;BRESSO;12310;13402;25712
912;BREZ;349;357;706
913;BREZZO DI BEDERO;604;581;1185
914;BRIAGLIA;168;156;324
915;BRIATICO;2020;1963;3983
916;BRICHERASIO;2230;2287;4517
917;BRIENNO;196;206;402
918;BRIENZA;2025;2057;4082
919;BRIGA ALTA;29;19;48
920;BRIGA NOVARESE;1478;1572;3050
921;BRIGNANO FRASCATA;224;227;451
922;BRIGNANO GERA D'ADDA;2964;2973;5937
923;BRINDISI;42457;46355;88812
924;BRINDISI MONTAGNA;476;449;925
925;BRINZIO;459;414;873
926;BRIONA;575;659;1234
927;BRIONE;70;70;140
928;BRIONE;339;346;685
929;BRIOSCO;2985;2981;5966
930;BRISIGHELLA;3797;3867;7664
931;BRISSAGO-VALTRAVAGLIA;618;632;1250
932;BRISSOGNE;508;475;983
933;BRITTOLI;169;166;335
934;BRIVIO;2357;2329;4686
935;BROCCOSTELLA;1390;1417;2807
936;BROGLIANO;1965;1935;3900
937;BROGNATURO;316;354;670
938;BROLO;2810;3016;5826
939;BRONDELLO;155;132;287
940;BRONI;4264;4809;9073
941;BRONTE;9195;10039;19234
942;BRONZOLO/BRANZOLL;1300;1328;2628
943;BROSSASCO;580;529;1109
944;BROSSO;214;246;460
945;BROVELLO-CARPUGNINO;362;359;721
946;BROZOLO;242;229;471
947;BRUGHERIO;16094;17076;33170
948;BRUGINE;3377;3435;6812
949;BRUGNATO;619;647;1266
950;BRUGNERA;4645;4609;9254
951;BRUINO;4221;4258;8479
952;BRUMANO;57;38;95
953;BRUNATE;861;905;1766
954;BRUNELLO;510;520;1030
955;BRUNICO/BRUNECK;7604;7793;15397
956;BRUNO;164;187;351
957;BRUSAPORTO;2685;2708;5393
958;BRUSASCO;832;894;1726
959;BRUSCIANO;7852;8158;16010
960;BRUSIMPIANO;584;624;1208
961;BRUSNENGO;1000;1168;2168
962;BRUSSON;407;445;852
963;BRUZOLO;754;791;1545
964;BRUZZANO ZEFFIRIO;562;649;1211
965;BUBBIANO;1102;1113;2215
966;BUBBIO;444;468;912
967;BUCCHERI;1011;1122;2133
968;BUCCHIANICO;2562;2659;5221
969;BUCCIANO;1035;1042;2077
970;BUCCINASCO;12926;13577;26503
971;BUCCINO;2545;2703;5248
972;BUCINE;4931;5102;10033
973;BUDDUSO';2006;1973;3979
974;BUDOIA;1255;1297;2552
975;BUDONI;2390;2456;4846
976;BUDRIO;8720;9288;18008
977;BUGGERRU;531;577;1108
978;BUGGIANO;4160;4575;8735
979;BUGLIO IN MONTE;1057;1034;2091
980;BUGNARA;542;564;1106
981;BUGUGGIATE;1497;1618;3115
982;BUJA;3181;3446;6627
983;BULCIAGO;1491;1457;2948
984;BULGAROGRASSO;1971;1912;3883
985;BULTEI;509;537;1046
986;BULZI;280;272;552
987;BUONABITACOLO;1236;1335;2571
988;BUONALBERGO;910;914;1824
989;BUONCONVENTO;1542;1640;3182
990;BUONVICINO;1140;1214;2354
991;BURAGO DI MOLGORA;2041;2199;4240
992;BURCEI;1472;1424;2896
993;BURGIO;1327;1453;2780
994;BURGOS;467;477;944
995;BURIASCO;701;704;1405
996;BUROLO;573;655;1228
997;BURONZO;431;485;916
998;BUSACHI;652;727;1379
999;BUSALLA;2784;2957;5741
1000;BUSANA;623;662;1285
1001;BUSANO;791;797;1588
1002;BUSCA;4973;5076;10049
1003;BUSCATE;2338;2413;4751
1004;BUSCEMI;559;569;1128
1005;BUSETO PALIZZOLO;1412;1619;3031
1006;BUSNAGO;3189;3224;6413
1007;BUSSERO;4166;4366;8532
1008;BUSSETO;3517;3526;7043
1009;BUSSI SUL TIRINO;1267;1369;2636
1010;BUSSO;675;692;1367
1011;BUSSOLENGO;9529;9954;19483
1012;BUSSOLENO;3019;3344;6363
1013;BUSTO ARSIZIO;38080;41612;79692
1014;BUSTO GAROLFO;6628;6851;13479
1015;BUTERA;2416;2521;4937
1016;BUTI;2812;2961;5773
1017;BUTTAPIETRA;3464;3403;6867
1018;BUTTIGLIERA ALTA;3151;3235;6386
1019;BUTTIGLIERA D'ASTI;1302;1250;2552
1020;BUTTRIO;1990;2049;4039
1021;CA' D'ANDREA;237;243;480
1022;CABELLA LIGURE;300;254;554
1023;CABIATE;3700;3712;7412
1024;CABRAS;4501;4531;9032
1025;CACCAMO;4054;4241;8295
1026;CACCURI;823;872;1695
1027;CADEGLIANO-VICONAGO;923;944;1867
1028;CADELBOSCO DI SOPRA;5126;5283;10409
1029;CADEO;2984;3068;6052
1030;CADERZONE TERME;348;321;669
1031;CADONEGHE;7701;8263;15964
1032;CADORAGO;3745;3886;7631
1033;CADREZZATE;892;926;1818
1034;CAERANO DI SAN MARCO;3896;4045;7941
1035;CAFASSE;1722;1789;3511
1036;CAGGIANO;1372;1431;2803
1037;CAGLI;4309;4704;9013
1038;CAGLIARI;68824;81059;149883
1039;CAGLIO;206;224;430
1040;CAGNANO AMITERNO;673;710;1383
1041;CAGNANO VARANO;3703;3748;7451
1042;CAGNO;1021;1037;2058
1043;CAGNO';180;180;360
1044;CAIANELLO;874;908;1782
1045;CAIAZZO;2794;2863;5657
1046;CAINES/KUENS;200;213;413
1047;CAINO;1052;1027;2079
1048;CAIOLO;496;539;1035
1049;CAIRANO;174;174;348
1050;CAIRATE;3904;3926;7830
1051;CAIRO MONTENOTTE;6381;6856;13237
1052;CAIVANO;18500;19154;37654
1053;CALABRITTO;1217;1283;2500
1054;CALALZO DI CADORE;1023;1150;2173
1055;CALAMANDRANA;877;907;1784
1056;CALAMONACI;675;700;1375
1057;CALANGIANUS;2125;2142;4267
1058;CALANNA;449;530;979
1059;CALASCA-CASTIGLIONE;354;327;681
1060;CALASCIBETTA;2190;2438;4628
1061;CALASCIO;72;65;137
1062;CALASETTA;1372;1450;2822
1063;CALATABIANO;2581;2802;5383
1064;CALATAFIMI SEGESTA;3365;3573;6938
1065;CALAVINO;757;724;1481
1066;CALCATA;446;459;905
1067;CALCERANICA AL LAGO;642;663;1305
1068;CALCI;3114;3295;6409
1069;CALCIANO;407;389;796
1070;CALCINAIA;5695;5989;11684
1071;CALCINATE;2967;2815;5782
1072;CALCINATO;6343;6256;12599
1073;CALCIO;2686;2650;5336
1074;CALCO;2544;2569;5113
1075;CALDARO SULLA STRADA DEL VINO/KALTERN AN DER WEINSTRASSE;3690;3970;7660
1076;CALDAROLA;896;943;1839
1077;CALDERARA DI RENO;6486;6662;13148
1078;CALDES;561;529;1090
1079;CALDIERO;3703;3671;7374
1080;CALDOGNO;5428;5793;11221
1081;CALDONAZZO;1667;1673;3340
1082;CALENDASCO;1246;1202;2448
1083;CALENZANO;8098;8539;16637
1084;CALESTANO;1057;976;2033
1085;CALICE AL CORNOVIGLIO;567;579;1146
1086;CALICE LIGURE;822;861;1683
1087;CALIMERA;3416;3848;7264
1088;CALITRI;2334;2587;4921
1089;CALIZZANO;742;808;1550
1090;CALLABIANA;79;70;149
1091;CALLIANO;812;799;1611
1092;CALLIANO MONFERRATO;685;707;1392
1093;CALOLZIOCORTE;6841;7168;14009
1094;CALOPEZZATI;618;675;1293
1095;CALOSSO;670;661;1331
1096;CALOVETO;651;632;1283
1097;CALTABELLOTTA;1832;2075;3907
1098;CALTAGIRONE;18428;19695;38123
1099;CALTANISSETTA;29245;32466;61711
1100;CALTAVUTURO;2025;2146;4171
1101;CALTIGNAGA;1282;1303;2585
1102;CALTO;393;426;819
1103;CALTRANO;1265;1342;2607
1104;CALUSCO D'ADDA;4149;4084;8233
1105;CALUSO;3555;3928;7483
1106;CALVAGESE DELLA RIVIERA;1743;1718;3461
1107;CALVANICO;780;790;1570
1108;CALVATONE;639;621;1260
1109;CALVELLO;923;1030;1953
1110;CALVENE;658;665;1323
1111;CALVENZANO;2001;2060;4061
1112;CALVERA;211;219;430
1113;CALVI;1311;1305;2616
1114;CALVI DELL'UMBRIA;880;1003;1883
1115;CALVI RISORTA;2821;2964;5785
1116;CALVIGNANO;59;69;128
1117;CALVIGNASCO;601;581;1182
1118;CALVISANO;4324;4213;8537
1119;CALVIZZANO;6028;6509;12537
1120;CAMAGNA MONFERRATO;259;251;510
1121;CAMAIORE;15422;16661;32083
1122;CAMAIRAGO;345;322;667
1123;CAMANDONA;172;187;359
1124;CAMASTRA;1050;1113;2163
1125;CAMBIAGO;3271;3237;6508
1126;CAMBIANO;3035;3180;6215
1127;CAMBIASCA;797;849;1646
1128;CAMBURZANO;588;639;1227
1129;CAMERANA;325;330;655
1130;CAMERANO;3502;3711;7213
1131;CAMERANO CASASCO;238;242;480
1132;CAMERATA CORNELLO;314;313;627
1133;CAMERATA NUOVA;238;222;460
1134;CAMERATA PICENA;1204;1215;2419
1135;CAMERI;5265;5505;10770
1136;CAMERINO;3269;3633;6902
1137;CAMEROTA;3313;3438;6751
1138;CAMIGLIANO;929;973;1902
1139;CAMINATA;132;144;276
1140;CAMINI;327;388;715
1141;CAMINO;389;413;802
1142;CAMINO AL TAGLIAMENTO;817;843;1660
1143;CAMISANO;625;678;1303
1144;CAMISANO VICENTINO;5251;5373;10624
1145;CAMMARATA;3110;3165;6275
1146;CAMO;104;96;200
1147;CAMOGLI;2648;2833;5481
1148;CAMPAGNA;7903;8050;15953
1149;CAMPAGNA LUPIA;3411;3525;6936
1150;CAMPAGNANO DI ROMA;5290;5817;11107
1151;CAMPAGNATICO;1250;1248;2498
1152;CAMPAGNOLA CREMASCA;332;351;683
1153;CAMPAGNOLA EMILIA;2747;2746;5493
1154;CAMPANA;960;1002;1962
1155;CAMPARADA;983;1091;2074
1156;CAMPEGINE;2524;2590;5114
1157;CAMPELLO SUL CLITUNNO;1240;1260;2500
1158;CAMPERTOGNO;128;115;243
1159;CAMPI BISENZIO;20918;22011;42929
1160;CAMPI SALENTINA;5097;5663;10760
1161;CAMPIGLIA CERVO;88;84;172
1162;CAMPIGLIA DEI BERICI;890;901;1791
1163;CAMPIGLIA MARITTIMA;6348;6872;13220
1164;CAMPIGLIONE FENILE;682;700;1382
1165;CAMPIONE D'ITALIA;1051;1107;2158
1166;CAMPITELLO DI FASSA;351;386;737
1167;CAMPLI;3579;3697;7276
1168;CAMPO CALABRO;2151;2259;4410
1169;CAMPO DI GIOVE;413;434;847
1170;CAMPO DI TRENS/FREIENFELD;1381;1290;2671
1171;CAMPO LIGURE;1492;1553;3045
1172;CAMPO NELL'ELBA;2237;2316;4553
1173;CAMPO SAN MARTINO;2885;2839;5724
1174;CAMPO TURES/SAND IN TAUFERS;2627;2645;5272
1175;CAMPOBASSO;23238;25509;48747
1176;CAMPOBELLO DI LICATA;5113;5325;10438
1177;CAMPOBELLO DI MAZARA;5592;5988;11580
1178;CAMPOCHIARO;298;339;637
1179;CAMPODARSEGO;7008;7161;14169
1180;CAMPODENNO;756;742;1498
1181;CAMPODIMELE;328;310;638
1182;CAMPODIPIETRA;1268;1299;2567
1183;CAMPODOLCINO;507;530;1037
1184;CAMPODORO;1391;1334;2725
1185;CAMPOFELICE DI FITALIA;270;278;548
1186;CAMPOFELICE DI ROCCELLA;3420;3498;6918
1187;CAMPOFILONE;975;976;1951
1188;CAMPOFIORITO;650;682;1332
1189;CAMPOFORMIDO;3720;3959;7679
1190;CAMPOFRANCO;1534;1684;3218
1191;CAMPOGALLIANO;4189;4325;8514
1192;CAMPOLATTARO;520;564;1084
1193;CAMPOLI APPENNINO;879;870;1749
1194;CAMPOLI DEL MONTE TABURNO;785;761;1546
1195;CAMPOLIETO;453;485;938
1196;CAMPOLONGO MAGGIORE;5114;5228;10342
1197;CAMPOLONGO SUL BRENTA;416;414;830
1198;CAMPOLONGO TAPOGLIANO;597;613;1210
1199;CAMPOMAGGIORE;423;428;851
1200;CAMPOMARINO;3566;3502;7068
1201;CAMPOMORONE;3526;3780;7306
1202;CAMPONOGARA;6349;6571;12920
1203;CAMPORA;224;237;461
1204;CAMPOREALE;1683;1765;3448
1205;CAMPORGIANO;1127;1158;2285
1206;CAMPOROSSO;2681;2738;5419
1207;CAMPOROTONDO DI FIASTRONE;270;319;589
1208;CAMPOROTONDO ETNEO;2259;2217;4476
1209;CAMPOSAMPIERO;5951;6068;12019
1210;CAMPOSANO;2599;2766;5365
1211;CAMPOSANTO;1599;1572;3171
1212;CAMPOSPINOSO;468;522;990
1213;CAMPOTOSTO;299;287;586
1214;CAMUGNANO;994;1006;2000
1215;CANAL SAN BOVO;761;831;1592
1216;CANALE;2794;2842;5636
1217;CANALE D'AGORDO;563;609;1172
1218;CANALE MONTERANO;1969;2102;4071
1219;CANARO;1358;1495;2853
1220;CANAZEI;914;993;1907
1221;CANCELLARA;701;695;1396
1222;CANCELLO ED ARNONE;2688;2740;5428
1223;CANDA;500;507;1007
1224;CANDELA;1326;1367;2693
1225;CANDELO;3818;4134;7952
1226;CANDIA CANAVESE;619;667;1286
1227;CANDIA LOMELLINA;777;859;1636
1228;CANDIANA;1231;1237;2468
1229;CANDIDA;596;556;1152
1230;CANDIDONI;188;201;389
1231;CANDIOLO;2721;2845;5566
1232;CANEGRATE;6075;6363;12438
1233;CANELLI;5080;5489;10569
1234;CANEPINA;1546;1603;3149
1235;CANEVA;3168;3336;6504
1236;CANEVINO;59;53;112
1237;CANICATTI';16725;18138;34863
1238;CANICATTINI BAGNI;3438;3748;7186
1239;CANINO;2619;2651;5270
1240;CANISCHIO;151;143;294
1241;CANISTRO;486;537;1023
1242;CANNA;375;410;785
1243;CANNALONGA;551;530;1081
1244;CANNARA;2095;2213;4308
1245;CANNERO RIVIERA;470;503;973
1246;CANNETO PAVESE;685;738;1423
1247;CANNETO SULL'OGLIO;2226;2285;4511
1248;CANNOBIO;2412;2580;4992
1249;CANNOLE;845;909;1754
1250;CANOLO;393;408;801
1251;CANONICA D'ADDA;2117;2090;4207
1252;CANOSA DI PUGLIA;14933;15489;30422
1253;CANOSA SANNITA;702;739;1441
1254;CANOSIO;48;34;82
1255;CANOSSA;1901;1884;3785
1256;CANSANO;134;148;282
1257;CANTAGALLO;1543;1559;3102
1258;CANTALICE;1336;1390;2726
1259;CANTALUPA;1228;1299;2527
1260;CANTALUPO IN SABINA;854;882;1736
1261;CANTALUPO LIGURE;262;287;549
1262;CANTALUPO NEL SANNIO;380;349;729
1263;CANTARANA;513;510;1023
1264;CANTELLO;2251;2318;4569
1265;CANTERANO;176;183;359
1266;CANTIANO;1154;1202;2356
1267;CANTOIRA;283;271;554
1268;CANTU';18852;19865;38717
1269;CANZANO;951;1004;1955
1270;CANZO;2495;2614;5109
1271;CAORLE;5724;6069;11793
1272;CAORSO;2387;2443;4830
1273;CAPACCIO PAESTUM;10840;11176;22016
1274;CAPACI;5422;5608;11030
1275;CAPALBIO;1993;2073;4066
1276;CAPANNOLI;3020;3193;6213
1277;CAPANNORI;21898;23000;44898
1278;CAPENA;4724;4764;9488
1279;CAPERGNANICA;1052;1043;2095
1280;CAPESTRANO;416;479;895
1281;CAPIAGO INTIMIANO;2715;2810;5525
1282;CAPISTRANO;523;574;1097
1283;CAPISTRELLO;2583;2758;5341
1284;CAPITIGNANO;315;365;680
1285;CAPIZZI;1618;1729;3347
1286;CAPIZZONE;646;655;1301
1287;CAPO D'ORLANDO;6239;7021;13260
1288;CAPO DI PONTE;1200;1309;2509
1289;CAPODIMONTE;848;893;1741
1290;CAPODRISE;4838;4935;9773
1291;CAPOLIVERI;1869;1894;3763
1292;CAPOLONA;2617;2811;5428
1293;CAPONAGO;2610;2616;5226
1294;CAPORCIANO;113;122;235
1295;CAPOSELE;1753;1784;3537
1296;CAPOTERRA;11641;11614;23255
1297;CAPOVALLE;186;202;388
1298;CAPPADOCIA;305;246;551
1299;CAPPELLA CANTONE;283;294;577
1300;CAPPELLA DE' PICENARDI;213;226;439
1301;CAPPELLA MAGGIORE;2299;2378;4677
1302;CAPPELLE SUL TAVO;1938;2021;3959
1303;CAPRACOTTA;481;469;950
1304;CAPRAIA E LIMITE;3639;3659;7298
1305;CAPRAIA ISOLA;215;179;394
1306;CAPRALBA;1241;1211;2452
1307;CAPRANICA;3242;3402;6644
1308;CAPRANICA PRENESTINA;169;161;330
1309;CAPRARICA DI LECCE;1222;1360;2582
1310;CAPRAROLA;2594;2751;5345
1311;CAPRAUNA;63;57;120
1312;CAPRESE MICHELANGELO;739;777;1516
1313;CAPREZZO;91;77;168
1314;CAPRI;3277;3554;6831
1315;CAPRI LEONE;2190;2326;4516
1316;CAPRIANA;304;301;605
1317;CAPRIANO DEL COLLE;2287;2266;4553
1318;CAPRIATA D'ORBA;927;999;1926
1319;CAPRIATE SAN GERVASIO;3843;3934;7777
1320;CAPRIATI A VOLTURNO;752;842;1594
1321;CAPRIE;1056;1060;2116
1322;CAPRIGLIA IRPINA;1176;1241;2417
1323;CAPRIGLIO;145;155;300
1324;CAPRILE;108;98;206
1325;CAPRINO BERGAMASCO;1585;1542;3127
1326;CAPRINO VERONESE;3899;4166;8065
1327;CAPRIOLO;4487;4628;9115
1328;CAPRIVA DEL FRIULI;835;896;1731
1329;CAPUA;9106;9930;19036
1330;CAPURSO;7559;7837;15396
1331;CARAFFA DEL BIANCO;246;286;532
1332;CARAFFA DI CATANZARO;984;976;1960
1333;CARAGLIO;3357;3398;6755
1334;CARAMAGNA PIEMONTE;1519;1513;3032
1335;CARAMANICO TERME;982;1026;2008
1336;CARANO;513;560;1073
1337;CARAPELLE;3232;3292;6524
1338;CARAPELLE CALVISIO;47;38;85
1339;CARASCO;1801;1848;3649
1340;CARASSAI;533;583;1116
1341;CARATE BRIANZA;8547;9137;17684
1342;CARATE URIO;567;649;1216
1343;CARAVAGGIO;7785;8097;15882
1344;CARAVATE;1317;1295;2612
1345;CARAVINO;491;504;995
1346;CARAVONICA;166;137;303
1347;CARBOGNANO;983;1059;2042
1348;CARBONARA AL TICINO;731;785;1516
1349;CARBONARA DI NOLA;1134;1169;2303
1350;CARBONARA DI PO;672;661;1333
1351;CARBONARA SCRIVIA;514;541;1055
1352;CARBONATE;1460;1445;2905
1353;CARBONE;345;360;705
1354;CARBONERA;5459;5676;11135
1355;CARBONIA;13803;15079;28882
1356;CARCARE;2630;2975;5605
1357;CARCERI;794;806;1600
1358;CARCOFORO;38;37;75
1359;CARDANO AL CAMPO;6895;7241;14136
1360;CARDE';548;586;1134
1361;CARDEDU;875;934;1809
1362;CARDETO;865;957;1822
1363;CARDINALE;1116;1218;2334
1364;CARDITO;11074;11248;22322
1365;CAREGGINE;291;293;584
1366;CAREMA;361;411;772
1367;CARENNO;724;772;1496
1368;CARENTINO;168;157;325
1369;CARERI;1159;1251;2410
1370;CARESANA;504;524;1028
1371;CARESANABLOT;561;576;1137
1372;CAREZZANO;210;234;444
1373;CARFIZZI;350;395;745
1374;CARGEGHE;322;322;644
1375;CARIATI;4203;4441;8644
1376;CARIFE;723;775;1498
1377;CARIGNANO;4439;4717;9156
1378;CARIMATE;2129;2198;4327
1379;CARINARO;3354;3532;6886
1380;CARINI;17655;18026;35681
1381;CARINOLA;3980;4076;8056
1382;CARISIO;436;428;864
1383;CARISOLO;480;504;984
1384;CARLANTINO;500;540;1040
1385;CARLAZZO;1442;1530;2972
1386;CARLENTINI;8750;9208;17958
1387;CARLINO;1361;1429;2790
1388;CARLOFORTE;3133;3168;6301
1389;CARLOPOLI;780;842;1622
1390;CARMAGNOLA;14040;14523;28563
1391;CARMIANO;5868;6228;12096
1392;CARMIGNANO;6901;7090;13991
1393;CARMIGNANO DI BRENTA;3744;3796;7540
1394;CARNAGO;3172;3330;6502
1395;CARNATE;3568;3609;7177
1396;CAROBBIO DEGLI ANGELI;2317;2232;4549
1397;CAROLEI;1718;1744;3462
1398;CARONA;166;193;359
1399;CARONIA;1629;1834;3463
1400;CARONNO PERTUSELLA;8062;8335;16397
1401;CARONNO VARESINO;2452;2488;4940
1402;CAROSINO;3326;3506;6832
1403;CAROVIGNO;7779;8117;15896
1404;CAROVILLI;707;721;1428
1405;CARPANETO PIACENTINO;3761;3776;7537
1406;CARPANZANO;147;153;300
1407;CARPASIO;81;72;153
1408;CARPEGNA;820;850;1670
1409;CARPENEDOLO;6308;6341;12649
1410;CARPENETO;506;485;991
1411;CARPI;32099;35169;67268
1412;CARPIANO;2007;1969;3976
1413;CARPIGNANO SALENTINO;1795;1890;3685
1414;CARPIGNANO SESIA;1217;1361;2578
1415;CARPINETI;2040;2138;4178
1416;CARPINETO DELLA NORA;322;358;680
1417;CARPINETO ROMANO;2277;2372;4649
1418;CARPINETO SINELLO;334;332;666
1419;CARPINO;2100;2205;4305
1420;CARPINONE;582;644;1226
1421;CARRARA;30914;33775;64689
1422;CARRE';1809;1838;3647
1423;CARREGA LIGURE;48;35;83
1424;CARRO;283;297;580
1425;CARRODANO;268;253;521
1426;CARROSIO;249;232;481
1427;CARRU';2147;2281;4428
1428;CARSOLI;2639;2780;5419
1429;CARTIGLIANO;1854;1948;3802
1430;CARTIGNANO;94;84;178
1431;CARTOCETO;3919;3931;7850
1432;CARTOSIO;392;419;811
1433;CARTURA;2294;2329;4623
1434;CARUGATE;6992;7183;14175
1435;CARUGO;3081;3162;6243
1436;CARUNCHIO;306;333;639
1437;CARVICO;2310;2356;4666
1438;CARZANO;248;257;505
1439;CASABONA;1356;1500;2856
1440;CASACALENDA;1085;1122;2207
1441;CASACANDITELLA;673;667;1340
1442;CASAGIOVE;6540;7165;13705
1443;CASAL CERMELLI;585;650;1235
1444;CASAL DI PRINCIPE;10300;10528;20828
1445;CASAL VELINO;2417;2521;4938
1446;CASALANGUIDA;485;521;1006
1447;CASALATTICO;310;331;641
1448;CASALBELTRAME;533;543;1076
1449;CASALBORDINO;2994;3309;6303
1450;CASALBORE;941;981;1922
1451;CASALBORGONE;893;927;1820
1452;CASALBUONO;592;619;1211
1453;CASALBUTTANO ED UNITI;1944;2159;4103
1454;CASALCIPRANO;264;307;571
1455;CASALDUNI;732;742;1474
1456;CASALE CORTE CERRO;1705;1771;3476
1457;CASALE CREMASCO-VIDOLASCO;941;885;1826
1458;CASALE DI SCODOSIA;2393;2473;4866
1459;CASALE LITTA;1299;1353;2652
1460;CASALE MARITTIMO;520;564;1084
1461;CASALE MONFERRATO;16248;18564;34812
1462;CASALE SUL SILE;6263;6459;12722
1463;CASALECCHIO DI RENO;16488;18685;35173
1464;CASALEGGIO BOIRO;203;198;401
1465;CASALEGGIO NOVARA;453;477;930
1466;CASALEONE;2950;2989;5939
1467;CASALETTO CEREDANO;595;585;1180
1468;CASALETTO DI SOPRA;283;265;548
1469;CASALETTO LODIGIANO;1370;1409;2779
1470;CASALETTO SPARTANO;713;750;1463
1471;CASALETTO VAPRIO;858;903;1761
1472;CASALFIUMANESE;1718;1743;3461
1473;CASALGRANDE;9301;9334;18635
1474;CASALGRASSO;718;730;1448
1475;CASALINCONTRADA;1544;1609;3153
1476;CASALINO;770;785;1555
1477;CASALMAGGIORE;7411;7700;15111
1478;CASALMAIOCCO;1531;1538;3069
1479;CASALMORANO;813;867;1680
1480;CASALMORO;1109;1095;2204
1481;CASALNOCETO;498;517;1015
1482;CASALNUOVO DI NAPOLI;23802;24819;48621
1483;CASALNUOVO MONTEROTARO;804;859;1663
1484;CASALOLDO;1306;1315;2621
1485;CASALPUSTERLENGO;7295;7557;14852
1486;CASALROMANO;770;781;1551
1487;CASALSERUGO;2660;2792;5452
1488;CASALUCE;4943;5058;10001
1489;CASALVECCHIO DI PUGLIA;944;995;1939
1490;CASALVECCHIO SICULO;464;443;907
1491;CASALVIERI;1405;1462;2867
1492;CASALVOLONE;416;451;867
1493;CASALZUIGNO;659;645;1304
1494;CASAMARCIANO;1582;1690;3272
1495;CASAMASSIMA;9453;9793;19246
1496;CASAMICCIOLA TERME;3894;4186;8080
1497;CASANDRINO;6684;6611;13295
1498;CASANOVA ELVO;136;129;265
1499;CASANOVA LERRONE;368;376;744
1500;CASANOVA LONATI;247;236;483
1501;CASAPE;365;372;737
1502;CASAPESENNA;3214;3437;6651
1503;CASAPINTA;207;247;454
1504;CASAPROTA;354;369;723
1505;CASAPULLA;4029;4151;8180
1506;CASARANO;9780;10709;20489
1507;CASARGO;419;430;849
1508;CASARILE;1879;1988;3867
1509;CASARSA DELLA DELIZIA;4189;4251;8440
1510;CASARZA LIGURE;3251;3457;6708
1511;CASASCO;69;55;124
1512;CASASCO D'INTELVI;202;216;418
1513;CASATENOVO;6114;6550;12664
1514;CASATISMA;435;460;895
1515;CASAVATORE;9112;9551;18663
1516;CASAZZA;1970;2051;4021
1517;CASCIA;1591;1657;3248
1518;CASCIAGO;1861;2004;3865
1519;CASCIANA TERME;1740;1888;3628
1520;CASCINA;21223;22610;43833
1521;CASCINETTE D'IVREA;720;771;1491
1522;CASEI GEROLA;1221;1279;2500
1523;CASELETTE;1479;1452;2931
1524;CASELLA;1633;1599;3232
1525;CASELLE IN PITTARI;976;996;1972
1526;CASELLE LANDI;810;842;1652
1527;CASELLE LURANI;1605;1495;3100
1528;CASELLE TORINESE;9047;9252;18299
1529;CASERTA;35463;40177;75640
1530;CASIER;5446;5572;11018
1531;CASIGNANA;357;416;773
1532;CASINA;2255;2279;4534
1533;CASIRATE D'ADDA;1966;1928;3894
1534;CASLINO D'ERBA;829;863;1692
1535;CASNATE CON BERNATE;2469;2446;4915
1536;CASNIGO;1683;1651;3334
1537;CASOLA DI NAPOLI;1918;1934;3852
1538;CASOLA IN LUNIGIANA;476;527;1003
1539;CASOLA VALSENIO;1381;1343;2724
1540;CASOLE BRUZIO;1252;1323;2575
1541;CASOLE D'ELSA;1907;1979;3886
1542;CASOLI;2835;3012;5847
1543;CASORATE PRIMO;4229;4251;8480
1544;CASORATE SEMPIONE;2781;2945;5726
1545;CASOREZZO;2635;2720;5355
1546;CASORIA;38185;40462;78647
1547;CASORZO MONFERRATO;306;351;657
1548;CASPERIA;588;643;1231
1549;CASPOGGIO;729;771;1500
1550;CASSACCO;1415;1496;2911
1551;CASSAGO BRIANZA;2235;2171;4406
1552;CASSANO ALL'IONIO;8464;8817;17281
1553;CASSANO D'ADDA;9036;9516;18552
1554;CASSANO DELLE MURGE;6979;7291;14270
1555;CASSANO IRPINO;489;478;967
1556;CASSANO MAGNAGO;10387;10999;21386
1557;CASSANO SPINOLA;866;927;1793
1558;CASSANO VALCUVIA;316;349;665
1559;CASSARO;394;419;813
1560;CASSIGLIO;55;67;122
1561;CASSINA DE' PECCHI;6383;6823;13206
1562;CASSINA RIZZARDI;1520;1655;3175
1563;CASSINA VALSASSINA;242;228;470
1564;CASSINASCO;294;296;590
1565;CASSINE;1514;1534;3048
1566;CASSINELLE;481;456;937
1567;CASSINETTA DI LUGAGNANO;921;963;1884
1568;CASSINO;16347;17311;33658
1569;CASSOLA;6915;7213;14128
1570;CASSOLNOVO;3368;3572;6940
1571;CASTAGNARO;1939;1991;3930
1572;CASTAGNETO CARDUCCI;4072;4390;8462
1573;CASTAGNETO PO;893;898;1791
1574;CASTAGNITO;1049;1064;2113
1575;CASTAGNOLE DELLE LANZE;1847;1937;3784
1576;CASTAGNOLE MONFERRATO;625;646;1271
1577;CASTAGNOLE PIEMONTE;1061;1132;2193
1578;CASTANA;358;386;744
1579;CASTANO PRIMO;5346;5644;10990
1580;CASTEGGIO;3207;3629;6836
1581;CASTEGNATO;3956;4075;8031
1582;CASTEGNERO;1421;1436;2857
1583;CASTEL BARONIA;569;581;1150
1584;CASTEL BOGLIONE;324;290;614
1585;CASTEL BOLOGNESE;4633;4886;9519
1586;CASTEL CAMPAGNANO;765;843;1608
1587;CASTEL CASTAGNA;255;236;491
1588;CASTEL COLONNA;508;531;1039
1589;CASTEL CONDINO;117;121;238
1590;CASTEL D'AIANO;988;963;1951
1591;CASTEL D'ARIO;2321;2466;4787
1592;CASTEL D'AZZANO;5797;5942;11739
1593;CASTEL DEL GIUDICE;176;179;355
1594;CASTEL DEL MONTE;215;232;447
1595;CASTEL DEL PIANO;2255;2416;4671
1596;CASTEL DEL RIO;587;643;1230
1597;CASTEL DI CASIO;1727;1752;3479
1598;CASTEL DI IERI;148;181;329
1599;CASTEL DI IUDICA;2330;2418;4748
1600;CASTEL DI LAMA;4198;4272;8470
1601;CASTEL DI LUCIO;670;696;1366
1602;CASTEL DI SANGRO;2907;3078;5985
1603;CASTEL DI SASSO;595;598;1193
1604;CASTEL DI TORA;166;133;299
1605;CASTEL FOCOGNANO;1599;1640;3239
1606;CASTEL FRENTANO;2102;2209;4311
1607;CASTEL GABBIANO;233;222;455
1608;CASTEL GANDOLFO;4180;4602;8782
1609;CASTEL GIORGIO;1029;1149;2178
1610;CASTEL GOFFREDO;6042;6023;12065
1611;CASTEL GUELFO DI BOLOGNA;2100;2177;4277
1612;CASTEL MADAMA;3595;3733;7328
1613;CASTEL MAGGIORE;8430;9077;17507
1614;CASTEL MELLA;5416;5424;10840
1615;CASTEL MORRONE;1892;2042;3934
1616;CASTEL RITALDI;1608;1711;3319
1617;CASTEL ROCCHERO;199;197;396
1618;CASTEL ROZZONE;1442;1454;2896
1619;CASTEL SAN GIORGIO;6573;6838;13411
1620;CASTEL SAN GIOVANNI;6642;6987;13629
1621;CASTEL SAN LORENZO;1253;1379;2632
1622;CASTEL SAN NICCOLO';1351;1388;2739
1623;CASTEL SAN PIETRO ROMANO;415;440;855
1624;CASTEL SAN PIETRO TERME;9998;10470;20468
1625;CASTEL SAN VINCENZO;265;280;545
1626;CASTEL SANT'ANGELO;629;660;1289
1627;CASTEL SANT'ELIA;1255;1303;2558
1628;CASTEL VISCARDO;1454;1574;3028
1629;CASTEL VITTORIO;163;166;329
1630;CASTEL VOLTURNO;11441;11441;22882
1631;CASTELBALDO;772;853;1625
1632;CASTELBELFORTE;1511;1558;3069
1633;CASTELBELLINO;2289;2474;4763
1634;CASTELBELLO-CIARDES/KASTELBELL-TSCHARS;1213;1165;2378
1635;CASTELBIANCO;156;165;321
1636;CASTELBOTTACCIO;153;196;349
1637;CASTELBUONO;4437;4724;9161
1638;CASTELCIVITA;910;924;1834
1639;CASTELCOVATI;3329;3264;6593
1640;CASTELCUCCO;1124;1065;2189
1641;CASTELDACCIA;5351;5533;10884
1642;CASTELDELCI;222;223;445
1643;CASTELDELFINO;90;89;179
1644;CASTELDIDONE;313;263;576
1645;CASTELFIDARDO;9166;9479;18645
1646;CASTELFIORENTINO;8485;9004;17489
1647;CASTELFONDO;326;306;632
1648;CASTELFORTE;2159;2242;4401
1649;CASTELFRANCI;1025;1079;2104
1650;CASTELFRANCO DI SOPRA;1540;1526;3066
1651;CASTELFRANCO DI SOTTO;6335;6569;12904
1652;CASTELFRANCO EMILIA;15765;15891;31656
1653;CASTELFRANCO IN MISCANO;462;473;935
1654;CASTELFRANCO VENETO;15963;16931;32894
1655;CASTELGOMBERTO;3084;3014;6098
1656;CASTELGRANDE;499;519;1018
1657;CASTELGUGLIELMO;823;823;1646
1658;CASTELGUIDONE;193;223;416
1659;CASTELL'ALFERO;1315;1435;2750
1660;CASTELL'ARQUATO;2304;2408;4712
1661;CASTELL'AZZARA;763;838;1601
1662;CASTELL'UMBERTO;1561;1734;3295
1663;CASTELLABATE;4070;4139;8209
1664;CASTELLAFIUME;558;541;1099
1665;CASTELLALTO;3637;3722;7359
1666;CASTELLAMMARE DEL GOLFO;7056;7547;14603
1667;CASTELLAMMARE DI STABIA;31590;34354;65944
1668;CASTELLAMONTE;4747;5170;9917
1669;CASTELLANA GROTTE;9328;10012;19340
1670;CASTELLANA SICULA;1693;1856;3549
1671;CASTELLANETA;8300;8825;17125
1672;CASTELLANIA COPPI;39;52;91
1673;CASTELLANZA;6773;7471;14244
1674;CASTELLAR;148;136;284
1675;CASTELLAR GUIDOBONO;222;205;427
1676;CASTELLARANO;7395;7443;14838
1677;CASTELLARO;600;633;1233
1678;CASTELLAVAZZO;779;831;1610
1679;CASTELLAZZO BORMIDA;2202;2364;4566
1680;CASTELLAZZO NOVARESE;158;165;323
1681;CASTELLEONE;4657;4849;9506
1682;CASTELLEONE DI SUASA;842;860;1702
1683;CASTELLERO;149;153;302
1684;CASTELLETTO CERVO;443;437;880
1685;CASTELLETTO D'ERRO;72;78;150
1686;CASTELLETTO D'ORBA;1056;1040;2096
1687;CASTELLETTO DI BRANDUZZO;522;515;1037
1688;CASTELLETTO MERLI;247;237;484
1689;CASTELLETTO MOLINA;82;102;184
1690;CASTELLETTO MONFERRATO;769;789;1558
1691;CASTELLETTO SOPRA TICINO;4825;5180;10005
1692;CASTELLETTO STURA;698;653;1351
1693;CASTELLETTO UZZONE;195;170;365
1694;CASTELLI;574;650;1224
1695;CASTELLI CALEPIO;4775;4837;9612
1696;CASTELLINA IN CHIANTI;1444;1419;2863
1697;CASTELLINA MARITTIMA;993;992;1985
1698;CASTELLINALDO D'ALBA;459;438;897
1699;CASTELLINO DEL BIFERNO;290;299;589
1700;CASTELLINO TANARO;169;168;337
1701;CASTELLIRI;1740;1793;3533
1702;CASTELLO CABIAGLIO;273;257;530
1703;CASTELLO D'AGOGNA;557;534;1091
1704;CASTELLO D'ARGILE;3243;3215;6458
1705;CASTELLO DEL MATESE;717;792;1509
1706;CASTELLO DELL'ACQUA;326;317;643
1707;CASTELLO DI ANNONE;950;978;1928
1708;CASTELLO DI BRIANZA;1256;1219;2475
1709;CASTELLO DI CISTERNA;3674;3778;7452
1710;CASTELLO DI GODEGO;3506;3507;7013
1711;CASTELLO DI SERRAVALLE;2458;2408;4866
1712;CASTELLO TESINO;648;667;1315
1713;CASTELLO-MOLINA DI FIEMME;1143;1124;2267
1714;CASTELLUCCHIO;2588;2617;5205
1715;CASTELLUCCIO DEI SAURI;1049;1070;2119
1716;CASTELLUCCIO INFERIORE;1046;1133;2179
1717;CASTELLUCCIO SUPERIORE;410;450;860
1718;CASTELLUCCIO VALMAGGIORE;631;700;1331
1719;CASTELMAGNO;53;29;82
1720;CASTELMARTE;665;621;1286
1721;CASTELMASSA;2039;2252;4291
1722;CASTELMAURO;777;861;1638
1723;CASTELMEZZANO;414;438;852
1724;CASTELMOLA;527;546;1073
1725;CASTELNOVETTO;312;312;624
1726;CASTELNOVO BARIANO;1436;1495;2931
1727;CASTELNOVO DEL FRIULI;462;451;913
1728;CASTELNOVO DI SOTTO;4219;4375;8594
1729;CASTELNOVO NE' MONTI;5079;5402;10481
1730;CASTELNUOVO;512;523;1035
1731;CASTELNUOVO BELBO;454;441;895
1732;CASTELNUOVO BERARDENGA;4251;4536;8787
1733;CASTELNUOVO BOCCA D'ADDA;846;854;1700
1734;CASTELNUOVO BORMIDA;324;356;680
1735;CASTELNUOVO BOZZENTE;435;454;889
1736;CASTELNUOVO CALCEA;372;393;765
1737;CASTELNUOVO CILENTO;1260;1338;2598
1738;CASTELNUOVO DEL GARDA;6029;6170;12199
1739;CASTELNUOVO DELLA DAUNIA;745;812;1557
1740;CASTELNUOVO DI CEVA;63;76;139
1741;CASTELNUOVO DI CONZA;333;308;641
1742;CASTELNUOVO DI FARFA;509;538;1047
1743;CASTELNUOVO DI GARFAGNANA;2929;3130;6059
1744;CASTELNUOVO DI PORTO;3936;4123;8059
1745;CASTELNUOVO DI VAL DI CECINA;1102;1188;2290
1746;CASTELNUOVO DON BOSCO;1576;1684;3260
1747;CASTELNUOVO MAGRA;3990;4279;8269
1748;CASTELNUOVO NIGRA;222;195;417
1749;CASTELNUOVO PARANO;436;466;902
1750;CASTELNUOVO RANGONE;7064;7052;14116
1751;CASTELNUOVO SCRIVIA;2641;2773;5414
1752;CASTELPAGANO;769;778;1547
1753;CASTELPETROSO;821;841;1662
1754;CASTELPIZZUTO;82;77;159
1755;CASTELPLANIO;1706;1776;3482
1756;CASTELPOTO;636;690;1326
1757;CASTELRAIMONDO;2309;2432;4741
1758;CASTELROTTO/KASTELRUTH;3245;3214;6459
1759;CASTELSANTANGELO SUL NERA;173;137;310
1760;CASTELSARACENO;723;757;1480
1761;CASTELSARDO;2809;2928;5737
1762;CASTELSEPRIO;622;659;1281
1763;CASTELSILANO;513;521;1034
1764;CASTELSPINA;202;220;422
1765;CASTELTERMINI;4011;4411;8422
1766;CASTELVECCANA;960;1040;2000
1767;CASTELVECCHIO CALVISIO;66;93;159
1768;CASTELVECCHIO DI ROCCA BARBENA;91;81;172
1769;CASTELVECCHIO SUBEQUO;513;554;1067
1770;CASTELVENERE;1262;1358;2620
1771;CASTELVERDE;2797;2854;5651
1772;CASTELVERRINO;67;57;124
1773;CASTELVETERE IN VAL FORTORE;644;745;1389
1774;CASTELVETERE SUL CALORE;822;850;1672
1775;CASTELVETRANO;15283;16541;31824
1776;CASTELVETRO DI MODENA;5495;5517;11012
1777;CASTELVETRO PIACENTINO;2691;2893;5584
1778;CASTELVISCONTI;175;155;330
1779;CASTENASO;6868;7484;14352
1780;CASTENEDOLO;5524;5636;11160
1781;CASTIADAS;773;734;1507
1782;CASTIGLION FIBOCCHI;1104;1114;2218
1783;CASTIGLION FIORENTINO;6453;6713;13166
1784;CASTIGLIONE A CASAURIA;410;463;873
1785;CASTIGLIONE CHIAVARESE;789;853;1642
1786;CASTIGLIONE COSENTINO;1479;1499;2978
1787;CASTIGLIONE D'ADDA;2408;2410;4818
1788;CASTIGLIONE D'INTELVI;543;514;1057
1789;CASTIGLIONE D'ORCIA;1164;1289;2453
1790;CASTIGLIONE DEI PEPOLI;2903;2967;5870
1791;CASTIGLIONE DEL GENOVESI;688;668;1356
1792;CASTIGLIONE DEL LAGO;7513;7909;15422
1793;CASTIGLIONE DELLA PESCAIA;3419;3657;7076
1794;CASTIGLIONE DELLE STIVIERE;10859;11193;22052
1795;CASTIGLIONE DI GARFAGNANA;929;931;1860
1796;CASTIGLIONE DI SICILIA;1582;1716;3298
1797;CASTIGLIONE FALLETTO;363;345;708
1798;CASTIGLIONE IN TEVERINA;1164;1221;2385
1799;CASTIGLIONE MESSER MARINO;903;995;1898
1800;CASTIGLIONE MESSER RAIMONDO;1174;1190;2364
1801;CASTIGLIONE OLONA;3867;3969;7836
1802;CASTIGLIONE TINELLA;426;445;871
1803;CASTIGLIONE TORINESE;3125;3238;6363
1804;CASTIGNANO;1448;1499;2947
1805;CASTILENTI;799;752;1551
1806;CASTINO;258;242;500
1807;CASTIONE ANDEVENNO;791;771;1562
1808;CASTIONE DELLA PRESOLANA;1729;1726;3455
1809;CASTIONS DI STRADA;1902;1964;3866
1810;CASTIRAGA VIDARDO;1286;1338;2624
1811;CASTO;953;911;1864
1812;CASTORANO;1152;1170;2322
1813;CASTREZZATO;3521;3562;7083
1814;CASTRI DI LECCE;1455;1520;2975
1815;CASTRIGNANO DE' GRECI;1953;2117;4070
1816;CASTRIGNANO DEL CAPO;2541;2793;5334
1817;CASTRO;689;694;1383
1818;CASTRO;1166;1307;2473
1819;CASTRO DEI VOLSCI;2341;2562;4903
1820;CASTROCARO TERME E TERRA DEL SOLE;3201;3311;6512
1821;CASTROCIELO;1900;2069;3969
1822;CASTROFILIPPO;1422;1598;3020
1823;CASTROLIBERO;4895;5072;9967
1824;CASTRONNO;2592;2656;5248
1825;CASTRONOVO DI SICILIA;1523;1652;3175
1826;CASTRONUOVO DI SANT'ANDREA;527;611;1138
1827;CASTROPIGNANO;486;543;1029
1828;CASTROREALE;1221;1327;2548
1829;CASTROREGIO;170;175;345
1830;CASTROVILLARI;10789;11726;22515
1831;CATANIA;138832;155070;293902
1832;CATANZARO;42671;46693;89364
1833;CATENANUOVA;2421;2578;4999
1834;CATIGNANO;725;724;1449
1835;CATTOLICA;7807;8743;16550
1836;CATTOLICA ERACLEA;1909;2066;3975
1837;CAULONIA;3409;3651;7060
1838;CAUTANO;1050;1041;2091
1839;CAVA DE' TIRRENI;26086;27799;53885
1840;CAVA MANARA;3228;3358;6586
1841;CAVACURTA;411;442;853
1842;CAVAGLIA';1758;1867;3625
1843;CAVAGLIETTO;212;195;407
1844;CAVAGLIO D'AGOGNA;640;640;1280
1845;CAVAGLIO-SPOCCIA;127;128;255
1846;CAVAGNOLO;1134;1175;2309
1847;CAVAION VERONESE;2656;2815;5471
1848;CAVALESE;1924;2029;3953
1849;CAVALLASCA;1430;1484;2914
1850;CAVALLERLEONE;343;309;652
1851;CAVALLERMAGGIORE;2729;2743;5472
1852;CAVALLINO;5804;6109;11913
1853;CAVALLINO-TREPORTI;6429;6733;13162
1854;CAVALLIRIO;624;625;1249
1855;CAVARENO;516;521;1037
1856;CAVARGNA;121;121;242
1857;CAVARIA CON PREMEZZO;2831;2882;5713
1858;CAVARZERE;7194;7622;14816
1859;CAVASO DEL TOMBA;1489;1507;2996
1860;CAVASSO NUOVO;757;849;1606
1861;CAVATORE;149;152;301
1862;CAVAZZO CARNICO;512;575;1087
1863;CAVE;5095;5326;10421
1864;CAVEDAGO;276;254;530
1865;CAVEDINE;1449;1467;2916
1866;CAVENAGO D'ADDA;1115;1144;2259
1867;CAVENAGO DI BRIANZA;3406;3477;6883
1868;CAVERNAGO;1249;1259;2508
1869;CAVEZZO;3489;3707;7196
1870;CAVIZZANA;123;136;259
1871;CAVOUR;2758;2810;5568
1872;CAVRIAGO;4679;5019;9698
1873;CAVRIANA;1887;2024;3911
1874;CAVRIGLIA;4634;4824;9458
1875;CAZZAGO BRABBIA;413;415;828
1876;CAZZAGO SAN MARTINO;5450;5509;10959
1877;CAZZANO DI TRAMIGNA;774;781;1555
1878;CAZZANO SANT'ANDREA;802;792;1594
1879;CECCANO;11236;11862;23098
1880;CECIMA;122;111;233
1881;CECINA;13227;14765;27992
1882;CEDEGOLO;606;640;1246
1883;CEDRASCO;226;229;455
1884;CEFALA' DIANA;489;518;1007
1885;CEFALU';6984;7370;14354
1886;CEGGIA;3052;3161;6213
1887;CEGLIE MESSAPICA;9620;10589;20209
1888;CELANO;5371;5457;10828
1889;CELENZA SUL TRIGNO;472;502;974
1890;CELENZA VALFORTORE;839;885;1724
1891;CELICO;1452;1431;2883
1892;CELLA DATI;275;278;553
1893;CELLA MONTE;258;270;528
1894;CELLAMARE;2738;2753;5491
1895;CELLARA;246;265;511
1896;CELLARENGO;338;376;714
1897;CELLATICA;2376;2569;4945
1898;CELLE DI BULGHERIA;967;1001;1968
1899;CELLE DI MACRA;54;39;93
1900;CELLE DI SAN VITO;84;88;172
1901;CELLE ENOMONDO;230;250;480
1902;CELLE LIGURE;2549;2804;5353
1903;CELLENO;657;686;1343
1904;CELLERE;595;635;1230
1905;CELLINO ATTANASIO;1283;1307;2590
1906;CELLINO SAN MARCO;3229;3570;6799
1907;CELLIO;418;431;849
1908;CELLOLE;3705;3979;7684
1909;CEMBRA;964;884;1848
1910;CENADI;294;304;598
1911;CENATE SOPRA;1241;1264;2505
1912;CENATE SOTTO;1751;1743;3494
1913;CENCENIGHE AGORDINO;662;740;1402
1914;CENE;2085;2144;4229
1915;CENESELLI;902;911;1813
1916;CENGIO;1792;1886;3678
1917;CENTA SAN NICOLO';295;322;617
1918;CENTALLO;3443;3374;6817
1919;CENTO;16969;17754;34723
1920;CENTOLA;2557;2516;5073
1921;CENTRACHE;203;212;415
1922;CENTURIPE;2723;2876;5599
1923;CEPAGATTI;5107;5342;10449
1924;CEPPALONI;1630;1745;3375
1925;CEPPO MORELLI;172;169;341
1926;CEPRANO;4226;4514;8740
1927;CERAMI;1045;1105;2150
1928;CERANESI;1986;2020;4006
1929;CERANO;3265;3463;6728
1930;CERANO D'INTELVI;254;282;536
1931;CERANOVA;943;951;1894
1932;CERASO;1228;1280;2508
1933;CERCEMAGGIORE;1977;1950;3927
1934;CERCENASCO;928;929;1857
1935;CERCEPICCOLA;317;368;685
1936;CERCHIARA DI CALABRIA;1251;1216;2467
1937;CERCHIO;806;847;1653
1938;CERCINO;371;383;754
1939;CERCIVENTO;350;346;696
1940;CERCOLA;8793;9335;18128
1941;CERDA;2636;2755;5391
1942;CEREA;7959;8292;16251
1943;CEREGNANO;1778;1913;3691
1944;CERENZIA;599;616;1215
1945;CERES;525;531;1056
1946;CERESARA;1368;1344;2712
1947;CERESETO;234;223;457
1948;CERESOLE ALBA;1087;1028;2115
1949;CERESOLE REALE;91;68;159
1950;CERETE;831;815;1646
1951;CERETTO LOMELLINA;102;103;205
1952;CERGNAGO;372;382;754
1953;CERIALE;2732;3083;5815
1954;CERIANA;637;616;1253
1955;CERIANO LAGHETTO;3083;3241;6324
1956;CERIGNALE;91;64;155
1957;CERIGNOLA;27841;28812;56653
1958;CERISANO;1600;1671;3271
1959;CERMENATE;4394;4629;9023
1960;CERMES/TSCHERMS;692;719;1411
1961;CERMIGNANO;873;914;1787
1962;CERNOBBIO;3276;3554;6830
1963;CERNUSCO LOMBARDONE;1853;1998;3851
1964;CERNUSCO SUL NAVIGLIO;14666;16031;30697
1965;CERRETO CASTELLO;302;326;628
1966;CERRETO D'ASTI;106;114;220
1967;CERRETO D'ESI;1965;2002;3967
1968;CERRETO DI SPOLETO;536;586;1122
1969;CERRETO GRUE;156;169;325
1970;CERRETO GUIDI;5026;5338;10364
1971;CERRETO LAZIALE;594;598;1192
1972;CERRETO SANNITA;2003;2080;4083
1973;CERRETTO LANGHE;242;213;455
1974;CERRINA MONFERRATO;746;749;1495
1975;CERRIONE;1397;1497;2894
1976;CERRO AL LAMBRO;2477;2479;4956
1977;CERRO AL VOLTURNO;642;699;1341
1978;CERRO MAGGIORE;7185;7550;14735
1979;CERRO TANARO;337;333;670
1980;CERRO VERONESE;1217;1217;2434
1981;CERSOSIMO;353;365;718
1982;CERTALDO;7747;8188;15935
1983;CERTOSA DI PAVIA;2505;2499;5004
1984;CERVA;620;649;1269
1985;CERVARA DI ROMA;252;220;472
1986;CERVARESE SANTA CROCE;2848;2850;5698
1987;CERVARO;3776;3968;7744
1988;CERVASCA;2434;2370;4804
1989;CERVATTO;28;20;48
1990;CERVENO;340;323;663
1991;CERVERE;1075;1087;2162
1992;CERVESINA;582;642;1224
1993;CERVETERI;17267;17940;35207
1994;CERVIA;13714;15182;28896
1995;CERVICATI;440;448;888
1996;CERVIGNANO D'ADDA;1059;1060;2119
1997;CERVIGNANO DEL FRIULI;6496;6913;13409
1998;CERVINARA;4854;5115;9969
1999;CERVINO;2409;2615;5024
2000;CERVO;534;594;1128
2001;CERZETO;653;675;1328
2002;CESA;4207;4289;8496
2003;CESANA BRIANZA;1154;1194;2348
2004;CESANA TORINESE;526;481;1007
2005;CESANO BOSCONE;11382;12016;23398
2006;CESANO MADERNO;18248;18762;37010
2007;CESARA;298;300;598
2008;CESARO';1238;1334;2572
2009;CESATE;6784;7074;13858
2010;CESENA;46302;49688;95990
2011;CESENATICO;12307;13105;25412
2012;CESINALI;1221;1251;2472
2013;CESIO;142;144;286
2014;CESIOMAGGIORE;2058;2087;4145
2015;CESSALTO;1890;1944;3834
2016;CESSANITI;1735;1670;3405
2017;CESSAPALOMBO;275;271;546
2018;CESSOLE;204;216;420
2019;CETARA;1134;1168;2302
2020;CETO;958;992;1950
2021;CETONA;1365;1480;2845
2022;CETRARO;5026;5234;10260
2023;CEVA;2821;2936;5757
2024;CEVO;474;456;930
2025;CHALLAND-SAINT-ANSELME;379;377;756
2026;CHALLAND-SAINT-VICTOR;309;302;611
2027;CHAMBAVE;472;467;939
2028;CHAMOIS;45;49;94
2029;CHAMPDEPRAZ;337;365;702
2030;CHAMPORCHER;197;201;398
2031;CHARVENSOD;1252;1255;2507
2032;CHATILLON;2404;2542;4946
2033;CHERASCO;4230;4422;8652
2034;CHEREMULE;221;234;455
2035;CHIALAMBERTO;182;182;364
2036;CHIAMPO;6603;6256;12859
2037;CHIANCHE;266;285;551
2038;CHIANCIANO TERME;3267;3791;7058
2039;CHIANNI;701;756;1457
2040;CHIANOCCO;837;863;1700
2041;CHIARAMONTE GULFI;4073;4151;8224
2042;CHIARAMONTI;848;887;1735
2043;CHIARANO;1845;1850;3695
2044;CHIARAVALLE;7121;7737;14858
2045;CHIARAVALLE CENTRALE;2806;3077;5883
2046;CHIARI;9020;9371;18391
2047;CHIAROMONTE;947;1007;1954
2048;CHIAUCI;134;134;268
2049;CHIAVARI;12463;14875;27338
2050;CHIAVENNA;3417;3880;7297
2051;CHIAVERANO;1014;1092;2106
2052;CHIENES/KIENS;1363;1332;2695
2053;CHIERI;17201;18761;35962
2054;CHIES D'ALPAGO;695;716;1411
2055;CHIESA IN VALMALENCO;1288;1303;2591
2056;CHIESANUOVA;102;101;203
2057;CHIESINA UZZANESE;2208;2271;4479
2058;CHIETI;24559;26925;51484
2059;CHIEUTI;876;896;1772
2060;CHIEVE;1114;1126;2240
2061;CHIGNOLO D'ISOLA;1641;1573;3214
2062;CHIGNOLO PO;1978;2014;3992
2063;CHIOGGIA;24587;25148;49735
2064;CHIOMONTE;475;457;932
2065;CHIONS;2567;2621;5188
2066;CHIOPRIS-VISCONE;304;316;620
2067;CHITIGNANO;454;479;933
2068;CHIUDUNO;2909;2943;5852
2069;CHIUPPANO;1294;1332;2626
2070;CHIURO;1212;1312;2524
2071;CHIUSA DI PESIO;1829;1901;3730
2072;CHIUSA DI SAN MICHELE;846;845;1691
2073;CHIUSA SCLAFANI;1370;1587;2957
2074;CHIUSA/KLAUSEN;2572;2572;5144
2075;CHIUSAFORTE;359;344;703
2076;CHIUSANICO;302;301;603
2077;CHIUSANO D'ASTI;107;119;226
2078;CHIUSANO DI SAN DOMENICO;1135;1216;2351
2079;CHIUSAVECCHIA;296;269;565
2080;CHIUSDINO;913;964;1877
2081;CHIUSI;4192;4644;8836
2082;CHIUSI DELLA VERNA;1008;1050;2058
2083;CHIVASSO;12526;13388;25914
2084;CIAMPINO;17805;19430;37235
2085;CIANCIANA;1693;1824;3517
2086;CIBIANA DI CADORE;199;224;423
2087;CICAGNA;1261;1305;2566
2088;CICALA;483;525;1008
2089;CICCIANO;6178;6520;12698
2090;CICERALE;589;644;1233
2091;CICILIANO;689;664;1353
2092;CICOGNOLO;459;496;955
2093;CICONIO;186;185;371
2094;CIGLIANO;2176;2371;4547
2095;CIGLIE';98;98;196
2096;CIGOGNOLA;671;692;1363
2097;CIGOLE;816;803;1619
2098;CILAVEGNA;2713;2943;5656
2099;CIMADOLMO;1696;1717;3413
2100;CIMBERGO;265;297;562
2101;CIMEGO;204;205;409
2102;CIMINA';294;301;595
2103;CIMINNA;1849;1996;3845
2104;CIMITILE;3451;3642;7093
2105;CIMOLAIS;207;214;421
2106;CIMONE;339;346;685
2107;CINAGLIO;215;240;455
2108;CINETO ROMANO;316;325;641
2109;CINGIA DE' BOTTI;652;719;1371
2110;CINGOLI;5128;5381;10509
2111;CINIGIANO;1325;1337;2662
2112;CINISELLO BALSAMO;34454;36674;71128
2113;CINISI;5911;6120;12031
2114;CINO;197;176;373
2115;CINQUEFRONDI;3178;3314;6492
2116;CINTANO;120;141;261
2117;CINTE TESINO;173;199;372
2118;CINTO CAOMAGGIORE;1637;1648;3285
2119;CINTO EUGANEO;1013;1010;2023
2120;CINZANO;193;182;375
2121;CIORLANO;223;217;440
2122;CIPRESSA;614;657;1271
2123;CIRCELLO;1209;1267;2476
2124;CIRIE';8806;9609;18415
2125;CIRIGLIANO;159;202;361
2126;CIRIMIDO;1053;1056;2109
2127;CIRO';1477;1648;3125
2128;CIRO' MARINA;7375;7676;15051
2129;CIS;148;161;309
2130;CISANO BERGAMASCO;3074;3194;6268
2131;CISANO SUL NEVA;958;1006;1964
2132;CISERANO;2944;2744;5688
2133;CISLAGO;4958;5026;9984
2134;CISLIANO;2136;2127;4263
2135;CISMON DEL GRAPPA;472;492;964
2136;CISON DI VALMARINO;1313;1398;2711
2137;CISSONE;44;38;82
2138;CISTERNA D'ASTI;646;640;1286
2139;CISTERNA DI LATINA;17475;18076;35551
2140;CISTERNINO;5673;6072;11745
2141;CITERNA;1705;1753;3458
2142;CITTA' DELLA PIEVE;3725;4078;7803
2143;CITTA' DI CASTELLO;19148;20916;40064
2144;CITTA' SANT'ANGELO;7137;7242;14379
2145;CITTADELLA;9724;10232;19956
2146;CITTADUCALE;3350;3550;6900
2147;CITTANOVA;4993;5351;10344
2148;CITTAREALE;234;236;470
2149;CITTIGLIO;1961;2011;3972
2150;CIVATE;2009;2010;4019
2151;CIVENNA;353;376;729
2152;CIVEZZA;323;317;640
2153;CIVEZZANO;1938;1966;3904
2154;CIVIASCO;127;138;265
2155;CIVIDALE DEL FRIULI;5392;5986;11378
2156;CIVIDATE AL PIANO;2593;2564;5157
2157;CIVIDATE CAMUNO;1383;1379;2762
2158;CIVITA;465;491;956
2159;CIVITA CASTELLANA;7499;8097;15596
2160;CIVITA D'ANTINO;483;511;994
2161;CIVITACAMPOMARANO;209;242;451
2162;CIVITALUPARELLA;175;174;349
2163;CIVITANOVA DEL SANNIO;452;503;955
2164;CIVITANOVA MARCHE;19192;21025;40217
2165;CIVITAQUANA;644;678;1322
2166;CIVITAVECCHIA;24443;26786;51229
2167;CIVITELLA ALFEDENA;144;159;303
2168;CIVITELLA CASANOVA;933;942;1875
2169;CIVITELLA D'AGLIANO;795;863;1658
2170;CIVITELLA DEL TRONTO;2595;2738;5333
2171;CIVITELLA DI ROMAGNA;1866;1926;3792
2172;CIVITELLA IN VAL DI CHIANA;4476;4635;9111
2173;CIVITELLA MESSER RAIMONDO;421;440;861
2174;CIVITELLA PAGANICO;1539;1597;3136
2175;CIVITELLA ROVETO;1697;1677;3374
2176;CIVITELLA SAN PAOLO;892;862;1754
2177;CIVO;583;531;1114
2178;CLAINO CON OSTENO;263;280;543
2179;CLAUT;496;509;1005
2180;CLAUZETTO;194;196;390
2181;CLAVESANA;450;450;900
2182;CLAVIERE;98;94;192
2183;CLES;3274;3495;6769
2184;CLETO;680;640;1320
2185;CLIVIO;937;1005;1942
2186;CLOZ;366;363;729
2187;CLUSONE;4166;4512;8678
2188;COASSOLO TORINESE;789;761;1550
2189;COAZZE;1549;1535;3084
2190;COAZZOLO;161;155;316
2191;COCCAGLIO;4226;4243;8469
2192;COCCONATO;767;797;1564
2193;COCQUIO-TREVISAGO;2303;2453;4756
2194;COCULLO;122;143;265
2195;CODEVIGO;3258;3195;6453
2196;CODEVILLA;474;526;1000
2197;CODIGORO;5910;6479;12389
2198;CODOGNE';2699;2612;5311
2199;CODOGNO;7337;8034;15371
2200;CODROIPO;7826;7980;15806
2201;CODRONGIANOS;670;676;1346
2202;COGGIOLA;951;1045;1996
2203;COGLIATE;4219;4231;8450
2204;COGNE;721;732;1453
2205;COGOLETO;4338;4807;9145
2206;COGOLLO DEL CENGIO;1667;1723;3390
2207;COGORNO;2759;2882;5641
2208;COLAZZA;223;240;463
2209;COLBORDOLO;3099;3076;6175
2210;COLERE;569;568;1137
2211;COLFELICE;942;911;1853
2212;COLI;484;471;955
2213;COLICO;3676;3797;7473
2214;COLLAGNA;493;478;971
2215;COLLALTO SABINO;215;225;440
2216;COLLARMELE;451;499;950
2217;COLLAZZONE;1780;1798;3578
2218;COLLE BRIANZA;879;857;1736
2219;COLLE D'ANCHISE;394;408;802
2220;COLLE DI TORA;186;198;384
2221;COLLE DI VAL D'ELSA;10306;10950;21256
2222;COLLE SAN MAGNO;368;376;744
2223;COLLE SANNITA;1190;1323;2513
2224;COLLE SANTA LUCIA;204;187;391
2225;COLLE UMBERTO;2566;2611;5177
2226;COLLEBEATO;2259;2439;4698
2227;COLLECCHIO;6761;7132;13893
2228;COLLECORVINO;2912;2996;5908
2229;COLLEDARA;1101;1136;2237
2230;COLLEDIMACINE;120;117;237
2231;COLLEDIMEZZO;267;264;531
2232;COLLEFERRO;10301;11273;21574
2233;COLLEGIOVE;93;76;169
2234;COLLEGNO;23462;25621;49083
2235;COLLELONGO;641;672;1313
2236;COLLEPARDO;496;479;975
2237;COLLEPASSO;3035;3317;6352
2238;COLLEPIETRO;115;120;235
2239;COLLERETTO CASTELNUOVO;165;182;347
2240;COLLERETTO GIACOSA;299;304;603
2241;COLLESALVETTI;8240;8467;16707
2242;COLLESANO;1968;2127;4095
2243;COLLETORTO;997;1090;2087
2244;COLLEVECCHIO;780;815;1595
2245;COLLI A VOLTURNO;669;713;1382
2246;COLLI DEL TRONTO;1758;1808;3566
2247;COLLI SUL VELINO;254;270;524
2248;COLLIANO;1856;1908;3764
2249;COLLINAS;443;442;885
2250;COLLIO;1149;1078;2227
2251;COLLOBIANO;47;58;105
2252;COLLOREDO DI MONTE ALBANO;1096;1135;2231
2253;COLMURANO;638;640;1278
2254;COLOBRARO;651;691;1342
2255;COLOGNA VENETA;4227;4380;8607
2256;COLOGNE;3735;3799;7534
2257;COLOGNO AL SERIO;5359;5237;10596
2258;COLOGNO MONZESE;22124;23662;45786
2259;COLOGNOLA AI COLLI;4063;4078;8141
2260;COLONNA;1953;2049;4002
2261;COLONNELLA;1861;1907;3768
2262;COLONNO;262;267;529
2263;COLORINA;736;724;1460
2264;COLORNO;4379;4541;8920
2265;COLOSIMI;633;680;1313
2266;COLTURANO;984;968;1952
2267;COLZATE;806;858;1664
2268;COMABBIO;596;598;1194
2269;COMACCHIO;11061;11587;22648
2270;COMANO;354;401;755
2271;COMANO TERME;1432;1481;2913
2272;COMAZZO;1114;1069;2183
2273;COMEGLIANS;282;250;532
2274;COMELICO SUPERIORE;1141;1200;2341
2275;COMERIO;1237;1379;2616
2276;COMEZZANO-CIZZAGO;1886;1831;3717
2277;COMIGNAGO;607;616;1223
2278;COMISO;14109;15075;29184
2279;COMITINI;450;494;944
2280;COMIZIANO;882;960;1842
2281;COMMESSAGGIO;572;597;1169
2282;COMMEZZADURA;481;512;993
2283;COMO;38568;43477;82045
2284;COMPIANO;556;566;1122
2285;COMUN NUOVO;2176;1987;4163
2286;COMUNANZA;1596;1608;3204
2287;CONA;1561;1614;3175
2288;CONCA CASALE;107;107;214
2289;CONCA DEI MARINI;365;365;730
2290;CONCA DELLA CAMPANIA;615;641;1256
2291;CONCAMARISE;561;517;1078
2292;CONCERVIANO;149;162;311
2293;CONCESIO;7251;7562;14813
2294;CONCO;1104;1102;2206
2295;CONCORDIA SAGITTARIA;5173;5467;10640
2296;CONCORDIA SULLA SECCHIA;4383;4585;8968
2297;CONCOREZZO;7382;7811;15193
2298;CONDINO;754;780;1534
2299;CONDOFURI;2513;2561;5074
2300;CONDOVE;2289;2381;4670
2301;CONDRO';232;249;481
2302;CONEGLIANO;16284;18144;34428
2303;CONFIENZA;834;837;1671
2304;CONFIGNI;335;337;672
2305;CONFLENTI;691;746;1437
2306;CONIOLO;222;229;451
2307;CONSELICE;4793;5044;9837
2308;CONSELVE;5005;5288;10293
2309;CONTESSA ENTELLINA;916;949;1865
2310;CONTIGLIANO;1771;1830;3601
2311;CONTRADA;1526;1479;3005
2312;CONTROGUERRA;1186;1236;2422
2313;CONTRONE;429;443;872
2314;CONTURSI TERME;1653;1684;3337
2315;CONVERSANO;12549;13134;25683
2316;CONZA DELLA CAMPANIA;690;742;1432
2317;CONZANO;485;530;1015
2318;COPERTINO;11475;12395;23870
2319;COPIANO;904;890;1794
2320;COPPARO;8065;8952;17017
2321;CORANA;378;420;798
2322;CORATO;23288;24784;48072
2323;CORBARA;1240;1281;2521
2324;CORBETTA;8596;8864;17460
2325;CORBOLA;1202;1312;2514
2326;CORCHIANO;1872;1868;3740
2327;CORCIANO;9778;10477;20255
2328;CORDENONS;8888;9315;18203
2329;CORDIGNANO;3468;3628;7096
2330;CORDOVADO;1356;1392;2748
2331;COREDO;801;824;1625
2332;COREGLIA ANTELMINELLI;2533;2699;5232
2333;COREGLIA LIGURE;147;127;274
2334;CORENO AUSONIO;814;857;1671
2335;CORFINIO;541;538;1079
2336;CORI;5400;5625;11025
2337;CORIANO;4951;5077;10028
2338;CORIGLIANO CALABRO;18851;19650;38501
2339;CORIGLIANO D'OTRANTO;2734;3037;5771
2340;CORINALDO;2497;2609;5106
2341;CORIO;1614;1716;3330
2342;CORLEONE;5477;5809;11286
2343;CORLETO MONFORTE;325;318;643
2344;CORLETO PERTICARA;1269;1338;2607
2345;CORMANO;9605;10339;19944
2346;CORMONS;3559;3984;7543
2347;CORNA IMAGNA;475;478;953
2348;CORNALBA;156;145;301
2349;CORNALE;337;386;723
2350;CORNAREDO;9794;10327;20121
2351;CORNATE D'ADDA;5108;5255;10363
2352;CORNEDO ALL'ISARCO/KARNEID;1697;1615;3312
2353;CORNEDO VICENTINO;5981;5958;11939
2354;CORNEGLIANO LAUDENSE;1409;1429;2838
2355;CORNELIANO D'ALBA;987;1050;2037
2356;CORNIGLIO;993;1004;1997
2357;CORNO DI ROSAZZO;1627;1642;3269
2358;CORNO GIOVINE;578;615;1193
2359;CORNOVECCHIO;117;109;226
2360;CORNUDA;3025;3192;6217
2361;CORREGGIO;12060;12765;24825
2362;CORREZZANA;1347;1310;2657
2363;CORREZZOLA;2711;2777;5488
2364;CORRIDO;407;434;841
2365;CORRIDONIA;7542;7780;15322
2366;CORROPOLI;2315;2435;4750
2367;CORSANO;2803;2829;5632
2368;CORSICO;16161;17508;33669
2369;CORSIONE;103;102;205
2370;CORTACCIA SULLA STRADA DEL VINO/KURTATSCH AN DER WEINSTRASSE;1104;1124;2228
2371;CORTALE;1040;1177;2217
2372;CORTANDONE;163;160;323
2373;CORTANZE;141;147;288
2374;CORTAZZONE;325;332;657
2375;CORTE BRUGNATELLA;316;355;671
2376;CORTE DE' CORTESI CON CIGNONE;565;558;1123
2377;CORTE DE' FRATI;717;706;1423
2378;CORTE FRANCA;3549;3529;7078
2379;CORTE PALASIO;798;752;1550
2380;CORTEMAGGIORE;2208;2248;4456
2381;CORTEMILIA;1168;1220;2388
2382;CORTENO GOLGI;1006;1009;2015
2383;CORTENOVA;611;654;1265
2384;CORTENUOVA;968;974;1942
2385;CORTEOLONA;1048;1084;2132
2386;CORTIGLIONE;287;289;576
2387;CORTINA D'AMPEZZO;2728;3162;5890
2388;CORTINA SULLA STRADA DEL VINO/KURTINIG AN DER WEINSTRASSE;325;331;656
2389;CORTINO;355;328;683
2390;CORTONA;10791;11704;22495
2391;CORVARA;131;147;278
2392;CORVARA IN BADIA/CORVARA;663;657;1320
2393;CORVINO SAN QUIRICO;498;536;1034
2394;CORZANO;705;692;1397
2395;COSEANO;1097;1150;2247
2396;COSENZA;32458;37026;69484
2397;COSIO D'ARROSCIA;119;129;248
2398;COSIO VALTELLINO;2734;2666;5400
2399;COSOLETO;440;476;916
2400;COSSANO BELBO;516;514;1030
2401;COSSANO CANAVESE;269;253;522
2402;COSSATO;6988;7822;14810
2403;COSSERIA;527;553;1080
2404;COSSIGNANO;479;536;1015
2405;COSSOGNO;297;291;588
2406;COSSOINE;465;435;900
2407;COSSOMBRATO;264;277;541
2408;COSTA DE' NOBILI;185;166;351
2409;COSTA DI MEZZATE;1659;1612;3271
2410;COSTA DI ROVIGO;1289;1394;2683
2411;COSTA MASNAGA;2367;2384;4751
2412;COSTA SERINA;490;483;973
2413;COSTA VALLE IMAGNA;313;307;620
2414;COSTA VESCOVATO;175;182;357
2415;COSTA VOLPINO;4481;4713;9194
2416;COSTABISSARA;3550;3611;7161
2417;COSTACCIARO;619;664;1283
2418;COSTANZANA;390;426;816
2419;COSTARAINERA;382;421;803
2420;COSTERMANO SUL GARDA;1789;1797;3586
2421;COSTIGLIOLE D'ASTI;2937;3032;5969
2422;COSTIGLIOLE SALUZZO;1682;1662;3344
2423;COTIGNOLA;3547;3837;7384
2424;COTRONEI;2600;2834;5434
2425;COTTANELLO;288;274;562
2426;COURMAYEUR;1405;1410;2815
2427;COVO;2047;2019;4066
2428;COZZO;198;173;371
2429;CRACO;381;385;766
2430;CRANDOLA VALSASSINA;136;137;273
2431;CRAVAGLIANA;142;136;278
2432;CRAVANZANA;196;212;408
2433;CRAVEGGIA;354;374;728
2434;CREAZZO;5399;5639;11038
2435;CRECCHIO;1467;1465;2932
2436;CREDARO;1691;1645;3336
2437;CREDERA RUBBIANO;829;816;1645
2438;CREMA;15793;17298;33091
2439;CREMELLA;872;890;1762
2440;CREMENAGA;377;391;768
2441;CREMENO;727;711;1438
2442;CREMIA;358;351;709
2443;CREMOLINO;537;525;1062
2444;CREMONA;32587;37002;69589
2445;CREMOSANO;806;774;1580
2446;CRESCENTINO;3866;4118;7984
2447;CRESPADORO;756;696;1452
2448;CRESPANO DEL GRAPPA;2243;2470;4713
2449;CRESPELLANO;4797;5032;9829
2450;CRESPIATICA;1091;1046;2137
2451;CRESPINA;2067;2057;4124
2452;CRESPINO;936;1034;1970
2453;CRESSA;755;816;1571
2454;CREVACUORE;781;829;1610
2455;CREVALCORE;6592;6935;13527
2456;CREVOLADOSSOLA;2307;2419;4726
2457;CRISPANO;6206;6205;12411
2458;CRISPIANO;6699;6869;13568
2459;CRISSOLO;99;73;172
2460;CROCEFIESCHI;280;281;561
2461;CROCETTA DEL MONTELLO;2944;3085;6029
2462;CRODO;727;745;1472
2463;CROGNALETO;746;670;1416
2464;CROPALATI;557;540;1097
2465;CROPANI;2119;2187;4306
2466;CROSA;160;184;344
2467;CROSIA;4671;4810;9481
2468;CROSIO DELLA VALLE;296;315;611
2469;CROTONE;28518;30363;58881
2470;CROTTA D'ADDA;318;336;654
2471;CROVA;193;217;410
2472;CROVIANA;340;353;693
2473;CRUCOLI;1558;1685;3243
2474;CUASSO AL MONTE;1768;1836;3604
2475;CUCCARO MONFERRATO;164;175;339
2476;CUCCARO VETERE;255;325;580
2477;CUCCIAGO;1741;1709;3450
2478;CUCEGLIO;485;512;997
2479;CUGGIONO;3948;4194;8142
2480;CUGLIATE-FABIASCO;1546;1528;3074
2481;CUGLIERI;1381;1430;2811
2482;CUGNOLI;790;800;1590
2483;CUMIANA;3885;3940;7825
2484;CUMIGNANO SUL NAVIGLIO;227;220;447
2485;CUNARDO;1406;1481;2887
2486;CUNEO;26172;28841;55013
2487;CUNEVO;284;287;571
2488;CUNICO;252;276;528
2489;CUORGNE';4917;5167;10084
2490;CUPELLO;2392;2456;4848
2491;CUPRA MARITTIMA;2598;2780;5378
2492;CUPRAMONTANA;2369;2469;4838
2493;CURA CARPIGNANO;2185;2186;4371
2494;CURCURIS;149;165;314
2495;CUREGGIO;1264;1340;2604
2496;CURIGLIA CON MONTEVIASCO;94;96;190
2497;CURINGA;3279;3429;6708
2498;CURINO;223;230;453
2499;CURNO;3748;3887;7635
2500;CURON VENOSTA/GRAUN IM VINSCHGAU;1242;1181;2423
2501;CURSI;2078;2173;4251
2502;CURSOLO-ORASSO;51;55;106
2503;CURTAROLO;3563;3612;7175
2504;CURTATONE;7055;7515;14570
2505;CURTI;3378;3732;7110
2506;CUSAGO;1764;1833;3597
2507;CUSANO MILANINO;8950;9955;18905
2508;CUSANO MUTRI;2095;2091;4186
2509;CUSINO;114;124;238
2510;CUSIO;133;119;252
2511;CUSTONACI;2661;2731;5392
2512;CUTIGLIANO;724;837;1561
2513;CUTRO;4962;5103;10065
2514;CUTROFIANO;4393;4789;9182
2515;CUVEGLIO;1622;1775;3397
2516;CUVIO;833;865;1698
2517;DAIANO;363;329;692
2518;DAIRAGO;2876;2986;5862
2519;DALMINE;11240;11641;22881
2520;DAMBEL;226;209;435
2521;DANTA DI CADORE;260;254;514
2522;DAONE;303;294;597
2523;DARE';124;130;254
2524;DARFO BOARIO TERME;7636;7888;15524
2525;DASA';620;652;1272
2526;DAVAGNA;966;961;1927
2527;DAVERIO;1484;1591;3075
2528;DAVOLI;2652;2755;5407
2529;DAZIO;198;226;424
2530;DECIMOMANNU;3941;3890;7831
2531;DECIMOPUTZU;2165;2150;4315
2532;DECOLLATURA;1574;1678;3252
2533;DEGO;986;1017;2003
2534;DEIVA MARINA;683;755;1438
2535;DELEBIO;1579;1594;3173
2536;DELIA;2022;2303;4325
2537;DELIANUOVA;1668;1768;3436
2538;DELICETO;1919;2000;3919
2539;DELLO;2788;2788;5576
2540;DEMONTE;1024;1035;2059
2541;DENICE;94;96;190
2542;DENNO;629;623;1252
2543;DERNICE;107;103;210
2544;DEROVERE;151;159;310
2545;DERUTA;4585;4871;9456
2546;DERVIO;1293;1388;2681
2547;DESANA;503;552;1055
2548;DESENZANO DEL GARDA;12495;14298;26793
2549;DESIO;19785;20612;40397
2550;DESULO;1210;1255;2465
2551;DIAMANTE;2429;2626;5055
2552;DIANO ARENTINO;345;333;678
2553;DIANO CASTELLO;1075;1182;2257
2554;DIANO D'ALBA;1738;1713;3451
2555;DIANO MARINA;2754;3250;6004
2556;DIANO SAN PIETRO;549;552;1101
2557;DICOMANO;2812;2858;5670
2558;DIGNANO;1137;1252;2389
2559;DIMARO;605;645;1250
2560;DINAMI;1180;1253;2433
2561;DIPIGNANO;2160;2280;4440
2562;DISO;1432;1641;3073
2563;DIVIGNANO;717;728;1445
2564;DIZZASCO;266;299;565
2565;DOBBIACO/TOBLACH;1650;1664;3314
2566;DOBERDO' DEL LAGO;713;728;1441
2567;DOGLIANI;2388;2417;4805
2568;DOGLIOLA;203;186;389
2569;DOGNA;101;91;192
2570;DOLCE';1320;1253;2573
2571;DOLCEACQUA;969;1021;1990
2572;DOLCEDO;713;738;1451
2573;DOLEGNA DEL COLLIO;200;190;390
2574;DOLIANOVA;4779;4625;9404
2575;DOLO;7275;7707;14982
2576;DOLZAGO;1139;1168;2307
2577;DOMANICO;455;488;943
2578;DOMASO;704;751;1455
2579;DOMEGGE DI CADORE;1252;1323;2575
2580;DOMICELLA;943;930;1873
2581;DOMODOSSOLA;8588;9587;18175
2582;DOMUS DE MARIA;858;817;1675
2583;DOMUSNOVAS;3156;3260;6416
2584;DON;126;123;249
2585;DONATO;357;362;719
2586;DONGO;1681;1808;3489
2587;DONNAS;1253;1371;2624
2588;DONORI;1060;1059;2119
2589;DORGALI;4255;4269;8524
2590;DORIO;156;181;337
2591;DORMELLETTO;1251;1392;2643
2592;DORNO;2267;2317;4584
2593;DORSINO;203;223;426
2594;DORZANO;257;251;508
2595;DOSOLO;1670;1715;3385
2596;DOSSENA;494;468;962
2597;DOSSO DEL LIRO;139;136;275
2598;DOUES;233;244;477
2599;DOVADOLA;803;858;1661
2600;DOVERA;1942;1923;3865
2601;DOZZA;3190;3250;6440
2602;DRAGONI;1037;1130;2167
2603;DRAPIA;1009;1093;2102
2604;DRENA;266;285;551
2605;DRENCHIA;59;75;134
2606;DRESANO;1509;1514;3023
2607;DREZZO;607;624;1231
2608;DRIZZONA;272;280;552
2609;DRO;2263;2303;4566
2610;DRONERO;3481;3724;7205
2611;DRUENTO;4079;4357;8436
2612;DRUOGNO;462;515;977
2613;DUALCHI;329;339;668
2614;DUBINO;1743;1808;3551
2615;DUE CARRARE;4478;4465;8943
2616;DUEVILLE;6781;7107;13888
2617;DUGENTA;1314;1438;2752
2618;DUINO AURISINA;4103;4483;8586
2619;DUMENZA;716;717;1433
2620;DUNO;83;76;159
2621;DURAZZANO;1117;1130;2247
2622;DURONIA;216;215;431
2623;DUSINO SAN MICHELE;520;524;1044
2624;EBOLI;18898;19321;38219
2625;EDOLO;2176;2333;4509
2626;EGNA/NEUMARKT;2423;2569;4992
2627;ELICE;836;893;1729
2628;ELINI;272;278;550
2629;ELLO;585;657;1242
2630;ELMAS;4421;4528;8949
2631;ELVA;51;43;94
2632;EMARESE;122;106;228
2633;EMPOLI;22092;24449;46541
2634;ENDINE GAIANO;1779;1740;3519
2635;ENEGO;906;919;1825
2636;ENEMONZO;658;693;1351
2637;ENNA;13280;14614;27894
2638;ENTRACQUE;416;391;807
2639;ENTRATICO;938;940;1878
2640;ENVIE;1038;1019;2057
2641;EPISCOPIA;738;729;1467
2642;ERACLEA;6315;6374;12689
2643;ERBA;7882;8621;16503
2644;ERBE';911;930;1841
2645;ERBEZZO;397;370;767
2646;ERBUSCO;4174;4112;8286
2647;ERCHIE;4256;4516;8772
2648;ERCOLANO;25996;27681;53677
2649;ERICE;13554;14458;28012
2650;ERLI;136;120;256
2651;ERTO E CASSO;194;193;387
2652;ERULA;395;371;766
2653;ERVE;377;387;764
2654;ESANATOGLIA;1019;1128;2147
2655;ESCALAPLANO;1191;1077;2268
2656;ESCOLCA;315;309;624
2657;ESINE;2664;2687;5351
2658;ESINO LARIO;370;380;750
2659;ESPERIA;1938;1965;3903
2660;ESPORLATU;194;218;412
2661;ESTE;7830;8746;16576
2662;ESTERZILI;343;378;721
2663;ETROUBLES;251;245;496
2664;EUPILIO;1379;1390;2769
2665;EXILLES;131;135;266
2666;FABBRICA CURONE;327;368;695
2667;FABBRICHE DI VALLICO;251;241;492
2668;FABBRICO;3313;3383;6696
2669;FABRIANO;14752;16268;31020
2670;FABRICA DI ROMA;4039;4097;8136
2671;FABRIZIA;1161;1212;2373
2672;FABRO;1424;1482;2906
2673;FAEDIS;1482;1532;3014
2674;FAEDO;308;302;610
2675;FAEDO VALTELLINO;265;280;545
2676;FAENZA;27913;29835;57748
2677;FAETO;308;336;644
2678;FAGAGNA;3053;3226;6279
2679;FAGGETO LARIO;622;613;1235
2680;FAGGIANO;1739;1801;3540
2681;FAGNANO ALTO;217;223;440
2682;FAGNANO CASTELLO;1882;2067;3949
2683;FAGNANO OLONA;5962;6179;12141
2684;FAI DELLA PAGANELLA;430;468;898
2685;FAICCHIO;1802;1896;3698
2686;FALCADE;970;1085;2055
2687;FALCIANO DEL MASSICO;1761;1912;3673
2688;FALCONARA ALBANESE;699;706;1405
2689;FALCONARA MARITTIMA;12829;13881;26710
2690;FALCONE;1401;1473;2874
2691;FALERIA;1058;1057;2115
2692;FALERNA;1855;1946;3801
2693;FALERONE;1639;1756;3395
2694;FALLO;72;74;146
2695;FALMENTA;79;78;157
2696;FALOPPIO;2143;2131;4274
2697;FALVATERRA;279;288;567
2698;FALZES/PFALZEN;1338;1330;2668
2699;FANANO;1466;1562;3028
2700;FANNA;757;799;1556
2701;FANO;30262;32639;62901
2702;FANO ADRIANO;177;177;354
2703;FARA FILIORUM PETRI;929;1026;1955
2704;FARA GERA D'ADDA;3971;3942;7913
2705;FARA IN SABINA;5996;6330;12326
2706;FARA NOVARESE;1033;1080;2113
2707;FARA OLIVANA CON SOLA;655;613;1268
2708;FARA SAN MARTINO;744;780;1524
2709;FARA VICENTINO;1944;1999;3943
2710;FARDELLA;307;318;625
2711;FARIGLIANO;877;870;1747
2712;FARINDOLA;771;830;1601
2713;FARINI;713;742;1455
2714;FARNESE;767;864;1631
2715;FARRA D'ALPAGO;1346;1363;2709
2716;FARRA D'ISONZO;869;883;1752
2717;FARRA DI SOLIGO;4360;4596;8956
2718;FASANO;19227;20255;39482
2719;FASCIA;56;44;100
2720;FAUGLIA;1748;1844;3592
2721;FAULE;244;252;496
2722;FAVALE DI MALVARO;248;256;504
2723;FAVARA;16013;16959;32972
2724;FAVER;420;413;833
2725;FAVIGNANA;2130;2055;4185
2726;FAVRIA;2586;2644;5230
2727;FEISOGLIO;172;172;344
2728;FELETTO;1113;1156;2269
2729;FELINO;4221;4400;8621
2730;FELITTO;597;699;1296
2731;FELIZZANO;1205;1216;2421
2732;FELONICA;711;753;1464
2733;FELTRE;9789;10736;20525
2734;FENEGRO';1542;1605;3147
2735;FENESTRELLE;282;271;553
2736;FERENTILLO;959;1004;1963
2737;FERENTINO;10280;10686;20966
2738;FERLA;1246;1354;2600
2739;FERMIGNANO;4247;4368;8615
2740;FERMO;17820;19196;37016
2741;FERNO;3399;3387;6786
2742;FEROLETO ANTICO;1006;1081;2087
2743;FEROLETO DELLA CHIESA;879;893;1772
2744;FERRANDINA;4416;4557;8973
2745;FERRARA;61664;70881;132545
2746;FERRARA DI MONTE BALDO;113;108;221
2747;FERRAZZANO;1616;1671;3287
2748;FERRERA DI VARESE;359;334;693
2749;FERRERA ERBOGNONE;568;553;1121
2750;FERRERE;792;810;1602
2751;FERRIERE;736;689;1425
2752;FERRUZZANO;355;390;745
2753;FIAMIGNANO;727;728;1455
2754;FIANO;1324;1389;2713
2755;FIANO ROMANO;6431;6628;13059
2756;FIASTRA;285;293;578
2757;FIAVE';545;553;1098
2758;FICARAZZI;5688;5796;11484
2759;FICAROLO;1277;1332;2609
2760;FICARRA;759;807;1566
2761;FICULLE;843;852;1695
2762;FIDENZA;12165;13356;25521
2763;FIE' ALLO SCILIAR/VOLS AM SCHLERN;1701;1750;3451
2764;FIERA DI PRIMIERO;237;270;507
2765;FIEROZZO;254;227;481
2766;FIESCO;597;603;1200
2767;FIESOLE;6634;7356;13990
2768;FIESSE;1085;1090;2175
2769;FIESSO D'ARTICO;3805;3923;7728
2770;FIESSO UMBERTIANO;2084;2191;4275
2771;FIGINO SERENZA;2589;2637;5226
2772;FIGLINE VALDARNO;8095;8705;16800
2773;FIGLINE VEGLIATURO;525;572;1097
2774;FILACCIANO;238;252;490
2775;FILADELFIA;2763;2875;5638
2776;FILAGO;1579;1597;3176
2777;FILANDARI;915;929;1844
2778;FILATTIERA;1123;1238;2361
2779;FILETTINO;287;264;551
2780;FILETTO;500;526;1026
2781;FILIANO;1513;1576;3089
2782;FILIGHERA;420;429;849
2783;FILIGNANO;339;350;689
2784;FILOGASO;742;697;1439
2785;FILOTTRANO;4746;4876;9622
2786;FINALE EMILIA;7586;8127;15713
2787;FINALE LIGURE;5539;6185;11724
2788;FINO DEL MONTE;567;564;1131
2789;FINO MORNASCO;4786;4783;9569
2790;FIORANO AL SERIO;1477;1594;3071
2791;FIORANO CANAVESE;419;418;837
2792;FIORANO MODENESE;8414;8531;16945
2793;FIORDIMONTE;105;102;207
2794;FIORENZUOLA D'ARDA;7164;7722;14886
2795;FIRENZE;166031;192048;358079
2796;FIRENZUOLA;2405;2423;4828
2797;FIRMO;1085;1099;2184
2798;FISCIANO;6793;6884;13677
2799;FIUGGI;4629;5016;9645
2800;FIUMALBO;643;661;1304
2801;FIUMARA;502;519;1021
2802;FIUME VENETO;5660;5826;11486
2803;FIUMEDINISI;757;802;1559
2804;FIUMEFREDDO BRUZIO;1537;1541;3078
2805;FIUMEFREDDO DI SICILIA;4641;5049;9690
2806;FIUMICELLO;2482;2539;5021
2807;FIUMICINO;33399;34227;67626
2808;FIUMINATA;736;761;1497
2809;FIVIZZANO;3950;4317;8267
2810;FLAIBANO;587;610;1197
2811;FLAVON;230;275;505
2812;FLERO;4202;4238;8440
2813;FLORESTA;247;269;516
2814;FLORIDIA;11245;11440;22685
2815;FLORINAS;758;789;1547
2816;FLUMERI;1487;1558;3045
2817;FLUMINIMAGGIORE;1463;1503;2966
2818;FLUSSIO;214;240;454
2819;FOBELLO;121;98;219
2820;FOGGIA;70421;76615;147036
2821;FOGLIANISE;1710;1799;3509
2822;FOGLIANO REDIPUGLIA;1475;1577;3052
2823;FOGLIZZO;1132;1199;2331
2824;FOIANO DELLA CHIANA;4533;4815;9348
2825;FOIANO DI VAL FORTORE;711;766;1477
2826;FOLGARIA;1508;1622;3130
2827;FOLIGNANO;4652;4650;9302
2828;FOLIGNO;26537;29508;56045
2829;FOLLINA;1945;1994;3939
2830;FOLLO;3145;3192;6337
2831;FOLLONICA;10065;11414;21479
2832;FOMBIO;1180;1108;2288
2833;FONDACHELLI-FANTINA;532;558;1090
2834;FONDI;18431;18749;37180
2835;FONDO;678;757;1435
2836;FONNI;1941;2121;4062
2837;FONTAINEMORE;229;220;449
2838;FONTANA LIRI;1443;1550;2993
2839;FONTANAFREDDA;5732;5805;11537
2840;FONTANAROSA;1585;1716;3301
2841;FONTANELICE;972;955;1927
2842;FONTANELLA;2158;2181;4339
2843;FONTANELLATO;3469;3494;6963
2844;FONTANELLE;2909;2895;5804
2845;FONTANETO D'AGOGNA;1339;1392;2731
2846;FONTANETTO PO;592;611;1203
2847;FONTANIGORDA;140;134;274
2848;FONTANILE;280;286;566
2849;FONTANIVA;4076;4092;8168
2850;FONTE;3015;3004;6019
2851;FONTE NUOVA;15008;15564;30572
2852;FONTECCHIO;199;211;410
2853;FONTECHIARI;642;676;1318
2854;FONTEGRECA;438;411;849
2855;FONTENO;342;343;685
2856;FONTEVIVO;2682;2746;5428
2857;FONZASO;1628;1694;3322
2858;FOPPOLO;111;91;202
2859;FORANO;1444;1489;2933
2860;FORCE;700;728;1428
2861;FORCHIA;621;617;1238
2862;FORCOLA;406;429;835
2863;FORDONGIANUS;470;469;939
2864;FORENZA;1123;1086;2209
2865;FORESTO SPARSO;1577;1576;3153
2866;FORGARIA NEL FRIULI;892;934;1826
2867;FORINO;2659;2738;5397
2868;FORIO;8279;8318;16597
2869;FORLI';55898;60536;116434
2870;FORLI' DEL SANNIO;346;389;735
2871;FORLIMPOPOLI;6364;6618;12982
2872;FORMAZZA;231;211;442
2873;FORMELLO;5799;6110;11909
2874;FORMIA;17384;18947;36331
2875;FORMICOLA;692;812;1504
2876;FORMIGARA;565;551;1116
2877;FORMIGINE;16648;17019;33667
2878;FORMIGLIANA;285;265;550
2879;FORMIGNANA;1355;1448;2803
2880;FORNACE;681;640;1321
2881;FORNELLI;947;978;1925
2882;FORNI AVOLTRI;322;320;642
2883;FORNI DI SOPRA;509;518;1027
2884;FORNI DI SOTTO;303;317;620
2885;FORNO CANAVESE;1780;1832;3612
2886;FORNO DI ZOLDO;1209;1256;2465
2887;FORNOVO DI TARO;3018;3174;6192
2888;FORNOVO SAN GIOVANNI;1663;1656;3319
2889;FORTE DEI MARMI;3472;4188;7660
2890;FORTEZZA/FRANZENSFESTE;493;477;970
2891;FORTUNAGO;199;184;383
2892;FORZA D'AGRO';414;464;878
2893;FOSCIANDORA;304;317;621
2894;FOSDINOVO;2398;2573;4971
2895;FOSSA;338;352;690
2896;FOSSACESIA;3069;3148;6217
2897;FOSSALTA DI PIAVE;2063;2151;4214
2898;FOSSALTA DI PORTOGRUARO;2895;3180;6075
2899;FOSSALTO;715;765;1480
2900;FOSSANO;12281;12429;24710
2901;FOSSATO DI VICO;1358;1459;2817
2902;FOSSATO SERRALTA;313;301;614
2903;FOSSO';3304;3482;6786
2904;FOSSOMBRONE;4863;4995;9858
2905;FOZA;371;346;717
2906;FRABOSA SOPRANA;408;407;815
2907;FRABOSA SOTTANA;786;708;1494
2908;FRACONALTO;200;152;352
2909;FRAGAGNANO;2604;2749;5353
2910;FRAGNETO L'ABATE;537;579;1116
2911;FRAGNETO MONFORTE;929;960;1889
2912;FRAINE;184;212;396
2913;FRAMURA;315;368;683
2914;FRANCAVILLA AL MARE;11403;12413;23816
2915;FRANCAVILLA ANGITOLA;960;1016;1976
2916;FRANCAVILLA BISIO;250;268;518
2917;FRANCAVILLA D'ETE;509;500;1009
2918;FRANCAVILLA DI SICILIA;1857;2044;3901
2919;FRANCAVILLA FONTANA;17805;19150;36955
2920;FRANCAVILLA IN SINNI;2112;2170;4282
2921;FRANCAVILLA MARITTIMA;1446;1579;3025
2922;FRANCICA;825;838;1663
2923;FRANCOFONTE;6261;6662;12923
2924;FRANCOLISE;2417;2504;4921
2925;FRASCARO;206;240;446
2926;FRASCAROLO;583;631;1214
2927;FRASCATI;9844;10911;20755
2928;FRASCINETO;1088;1151;2239
2929;FRASSILONGO;161;160;321
2930;FRASSINELLE POLESINE;759;770;1529
2931;FRASSINELLO MONFERRATO;252;281;533
2932;FRASSINETO PO;725;746;1471
2933;FRASSINETTO;144;128;272
2934;FRASSINO;148;142;290
2935;FRASSINORO;964;1033;1997
2936;FRASSO SABINO;338;350;688
2937;FRASSO TELESINO;1154;1250;2404
2938;FRATTA POLESINE;1266;1516;2782
2939;FRATTA TODINA;857;983;1840
2940;FRATTAMAGGIORE;14443;15798;30241
2941;FRATTAMINORE;7755;7953;15708
2942;FRATTE ROSA;515;502;1017
2943;FRAZZANO';363;392;755
2944;FREGONA;1559;1610;3169
2945;FRESAGRANDINARIA;510;546;1056
2946;FRESONARA;381;358;739
2947;FRIGENTO;1951;2014;3965
2948;FRIGNANO;4334;4399;8733
2949;FRINCO;372;359;731
2950;FRISA;920;969;1889
2951;FRISANCO;322;323;645
2952;FRONT;852;874;1726
2953;FRONTINO;161;152;313
2954;FRONTONE;638;710;1348
2955;FROSINONE;22236;24413;46649
2956;FROSOLONE;1612;1643;3255
2957;FROSSASCO;1393;1447;2840
2958;FRUGAROLO;987;1025;2012
2959;FUBINE MONFERRATO;776;881;1657
2960;FUCECCHIO;11105;11680;22785
2961;FUIPIANO VALLE IMAGNA;106;115;221
2962;FUMANE;2098;2053;4151
2963;FUMONE;1068;1112;2180
2964;FUNES/VILLNOSS;1271;1300;2571
2965;FURCI;506;582;1088
2966;FURCI SICULO;1665;1763;3428
2967;FURNARI;1815;1850;3665
2968;FURORE;439;407;846
2969;FURTEI;846;828;1674
2970;FUSCALDO;3980;4092;8072
2971;FUSIGNANO;4049;4210;8259
2972;FUSINE;305;306;611
2973;FUTANI;570;664;1234
2974;FENIS;885;881;1766
2975;GABBIONETA BINANUOVA;452;447;899
2976;GABIANO;596;616;1212
2977;GABICCE MARE;2811;3034;5845
2978;GABY;238;249;487
2979;GADESCO PIEVE DELMONA;1010;1005;2015
2980;GADONI;439;447;886
2981;GAETA;9997;10765;20762
2982;GAGGI;1546;1592;3138
2983;GAGGIANO;4374;4559;8933
2984;GAGGIO MONTANO;2484;2582;5066
2985;GAGLIANICO;1808;2091;3899
2986;GAGLIANO ATERNO;121;134;255
2987;GAGLIANO CASTELFERRATO;1793;1929;3722
2988;GAGLIANO DEL CAPO;2591;2811;5402
2989;GAGLIATO;248;276;524
2990;GAGLIOLE;338;317;655
2991;GAIARINE;3005;3131;6136
2992;GAIBA;515;579;1094
2993;GAIOLA;314;286;600
2994;GAIOLE IN CHIANTI;1399;1359;2758
2995;GAIRO;746;768;1514
2996;GAIS/GAIS;1613;1554;3167
2997;GALATI MAMERTINO;1299;1495;2794
2998;GALATINA;12857;14357;27214
2999;GALATONE;7504;8250;15754
3000;GALATRO;838;940;1778
3001;GALBIATE;4223;4364;8587
3002;GALEATA;1250;1266;2516
3003;GALGAGNANO;611;597;1208
3004;GALLARATE;24244;26212;50456
3005;GALLESE;1444;1550;2994
3006;GALLIATE;7241;7767;15008
3007;GALLIATE LOMBARDO;470;512;982
3008;GALLIAVOLA;108;105;213
3009;GALLICANO;1911;1971;3882
3010;GALLICANO NEL LAZIO;2897;2852;5749
3011;GALLICCHIO;453;441;894
3012;GALLIERA;2666;2796;5462
3013;GALLIERA VENETA;3426;3616;7042
3014;GALLINARO;584;662;1246
3015;GALLIO;1164;1249;2413
3016;GALLIPOLI;9887;10511;20398
3017;GALLO MATESE;329;319;648
3018;GALLODORO;185;196;381
3019;GALLUCCIO;1102;1137;2239
3020;GALTELLI';1227;1245;2472
3021;GALZIGNANO TERME;2196;2220;4416
3022;GAMALERO;405;442;847
3023;GAMBARA;2337;2360;4697
3024;GAMBARANA;113;129;242
3025;GAMBASCA;211;197;408
3026;GAMBASSI TERME;2395;2505;4900
3027;GAMBATESA;715;772;1487
3028;GAMBELLARA;1673;1646;3319
3029;GAMBERALE;147;181;328
3030;GAMBETTOLA;4986;5252;10238
3031;GAMBOLO';4822;4957;9779
3032;GAMBUGLIANO;448;403;851
3033;GANDELLINO;545;501;1046
3034;GANDINO;2741;2835;5576
3035;GANDOSSO;762;740;1502
3036;GANGI;3390;3673;7063
3037;GARAGUSO;561;573;1134
3038;GARBAGNA;351;356;707
3039;GARBAGNA NOVARESE;661;689;1350
3040;GARBAGNATE MILANESE;12770;13492;26262
3041;GARBAGNATE MONASTERO;1215;1215;2430
3042;GARDA;1942;2036;3978
3043;GARDONE RIVIERA;1312;1401;2713
3044;GARDONE VAL TROMPIA;5771;5929;11700
3045;GARESSIO;1617;1745;3362
3046;GARGALLO;929;940;1869
3047;GARGAZZONE/GARGAZON;816;849;1665
3048;GARGNANO;1409;1624;3033
3049;GARLASCO;4746;5045;9791
3050;GARLATE;1299;1318;2617
3051;GARLENDA;609;605;1214
3052;GARNIGA TERME;204;177;381
3053;GARZENO;427;425;852
3054;GARZIGLIANA;288;269;557
3055;GASPERINA;1041;1119;2160
3056;GASSINO TORINESE;4625;4911;9536
3057;GATTATICO;2945;2954;5899
3058;GATTEO;4396;4514;8910
3059;GATTICO;1614;1747;3361
3060;GATTINARA;3960;4312;8272
3061;GAVARDO;5780;5906;11686
3062;GAVAZZANA;92;80;172
3063;GAVELLO;802;803;1605
3064;GAVERINA TERME;426;445;871
3065;GAVI;2357;2350;4707
3066;GAVIGNANO;981;975;1956
3067;GAVIRATE;4417;4792;9209
3068;GAVOI;1373;1417;2790
3069;GAVORRANO;4209;4451;8660
3070;GAZOLDO DEGLI IPPOLITI;1492;1476;2968
3071;GAZZADA SCHIANNO;2255;2389;4644
3072;GAZZANIGA;2460;2700;5160
3073;GAZZO;2179;2112;4291
3074;GAZZO VERONESE;2690;2787;5477
3075;GAZZOLA;1024;975;1999
3076;GAZZUOLO;1161;1231;2392
3077;GELA;37094;38574;75668
3078;GEMMANO;571;581;1152
3079;GEMONA DEL FRIULI;5331;5810;11141
3080;GEMONIO;1405;1478;2883
3081;GENAZZANO;2954;3005;5959
3082;GENGA;923;952;1875
3083;GENIVOLTA;580;598;1178
3084;GENOLA;1284;1312;2596
3085;GENONI;424;461;885
3086;GENOVA;273395;312785;586180
3087;GENURI;167;178;345
3088;GENZANO DI LUCANIA;2894;3021;5915
3089;GENZANO DI ROMA;11528;12252;23780
3090;GENZONE;172;186;358
3091;GERA LARIO;523;493;1016
3092;GERACE;1399;1373;2772
3093;GERACI SICULO;922;1003;1925
3094;GERANO;625;623;1248
3095;GERENZAGO;695;691;1386
3096;GERENZANO;5156;5255;10411
3097;GERGEI;663;635;1298
3098;GERMAGNANO;612;644;1256
3099;GERMAGNO;97;89;186
3100;GERMIGNAGA;1805;1919;3724
3101;GEROCARNE;1206;1174;2380
3102;GEROLA ALTA;100;89;189
3103;GEROSA;183;189;372
3104;GERRE DE' CAPRIOLI;651;632;1283
3105;GESICO;453;433;886
3106;GESSATE;4269;4395;8664
3107;GESSOPALENA;747;803;1550
3108;GESTURI;643;637;1280
3109;GESUALDO;1773;1830;3603
3110;GHEDI;9290;9031;18321
3111;GHEMME;1732;1885;3617
3112;GHIFFA;1181;1213;2394
3113;GHILARZA;2215;2400;4615
3114;GHISALBA;2985;2938;5923
3115;GHISLARENGO;433;466;899
3116;GIACCIANO CON BARUCHELLA;1081;1101;2182
3117;GIAGLIONE;310;343;653
3118;GIANICO;1085;1111;2196
3119;GIANO DELL'UMBRIA;1889;1927;3816
3120;GIANO VETUSTO;301;362;663
3121;GIARDINELLO;1137;1121;2258
3122;GIARDINI NAXOS;4390;4878;9268
3123;GIAROLE;340;380;720
3124;GIARRATANA;1522;1621;3143
3125;GIARRE;13527;14587;28114
3126;GIAVE;294;292;586
3127;GIAVENO;7775;8506;16281
3128;GIAVERA DEL MONTELLO;2540;2604;5144
3129;GIBA;1041;1079;2120
3130;GIBELLINA;2017;2247;4264
3131;GIFFLENGA;63;67;130
3132;GIFFONE;969;977;1946
3133;GIFFONI SEI CASALI;2593;2669;5262
3134;GIFFONI VALLE PIANA;5932;6092;12024
3135;GIGNESE;482;461;943
3136;GIGNOD;833;859;1692
3137;GILDONE;421;429;850
3138;GIMIGLIANO;1666;1755;3421
3139;GINESTRA;378;363;741
3140;GINESTRA DEGLI SCHIAVONI;264;268;532
3141;GINOSA;11225;11357;22582
3142;GIOI;618;721;1339
3143;GIOIA DEI MARSI;1058;1053;2111
3144;GIOIA DEL COLLE;13545;14344;27889
3145;GIOIA SANNITICA;1810;1830;3640
3146;GIOIA TAURO;9452;9611;19063
3147;GIOIOSA IONICA;3431;3583;7014
3148;GIOIOSA MAREA;3466;3648;7114
3149;GIOVE;914;986;1900
3150;GIOVINAZZO;9964;10469;20433
3151;GIOVO;1239;1226;2465
3152;GIRASOLE;589;602;1191
3153;GIRIFALCO;2977;3143;6120
3154;GIRONICO;1082;1173;2255
3155;GISSI;1414;1521;2935
3156;GIUGGIANELLO;607;642;1249
3157;GIUGLIANO IN CAMPANIA;53393;55400;108793
3158;GIULIANA;1012;1020;2032
3159;GIULIANO DI ROMA;1165;1178;2343
3160;GIULIANO TEATINO;643;627;1270
3161;GIULIANOVA;11082;12117;23199
3162;GIUNCUGNANO;222;247;469
3163;GIUNGANO;609;640;1249
3164;GIURDIGNANO;934;994;1928
3165;GIUSSAGO;2532;2517;5049
3166;GIUSSANO;12093;12434;24527
3167;GIUSTENICE;482;464;946
3168;GIUSTINO;366;377;743
3169;GIUSVALLA;245;215;460
3170;GIVOLETTO;1853;1787;3640
3171;GIZZERIA;2335;2187;4522
3172;GLORENZA/GLURNS;455;434;889
3173;GODEGA DI SANT'URBANO;3019;3093;6112
3174;GODIASCO SALICE TERME;1499;1631;3130
3175;GODRANO;569;584;1153
3176;GOITO;5045;5244;10289
3177;GOLASECCA;1312;1341;2653
3178;GOLFERENZO;110;96;206
3179;GOLFO ARANCI;1107;1181;2288
3180;GOMBITO;324;312;636
3181;GONARS;2360;2430;4790
3182;GONI;262;242;504
3183;GONNESA;2559;2576;5135
3184;GONNOSCODINA;264;241;505
3185;GONNOSFANADIGA;3248;3454;6702
3186;GONNOSNO';392;408;800
3187;GONNOSTRAMATZA;457;486;943
3188;GONZAGA;4561;4577;9138
3189;GORDONA;912;945;1857
3190;GORGA;373;394;767
3191;GORGO AL MONTICANO;2092;2090;4182
3192;GORGOGLIONE;531;522;1053
3193;GORGONZOLA;9325;10077;19402
3194;GORIANO SICOLI;307;290;597
3195;GORIZIA;16743;18469;35212
3196;GORLA MAGGIORE;2547;2534;5081
3197;GORLA MINORE;4164;4234;8398
3198;GORLAGO;2541;2487;5028
3199;GORLE;3155;3290;6445
3200;GORNATE OLONA;1118;1109;2227
3201;GORNO;817;819;1636
3202;GORO;1899;1996;3895
3203;GORRETO;49;58;107
3204;GORZEGNO;163;159;322
3205;GOSALDO;355;368;723
3206;GOSSOLENGO;2684;2747;5431
3207;GOTTASECCA;90;84;174
3208;GOTTOLENGO;2588;2650;5238
3209;GOVONE;1034;1123;2157
3210;GOZZANO;2765;2836;5601
3211;GRADARA;2373;2385;4758
3212;GRADISCA D'ISONZO;3105;3423;6528
3213;GRADO;4066;4396;8462
3214;GRADOLI;713;761;1474
3215;GRAFFIGNANA;1261;1343;2604
3216;GRAFFIGNANO;1125;1194;2319
3217;GRAGLIA;768;820;1588
3218;GRAGNANO;14519;14990;29509
3219;GRAGNANO TREBBIENSE;2134;2252;4386
3220;GRAMMICHELE;6272;6792;13064
3221;GRANA;291;331;622
3222;GRANAGLIONE;1107;1125;2232
3223;GRANAROLO DELL'EMILIA;5241;5525;10766
3224;GRANCONA;973;921;1894
3225;GRANDATE;1375;1487;2862
3226;GRANDOLA ED UNITI;667;646;1313
3227;GRANITI;763;759;1522
3228;GRANOZZO CON MONTICELLO;697;735;1432
3229;GRANTOLA;633;638;1271
3230;GRANTORTO;2345;2316;4661
3231;GRANZE;982;1040;2022
3232;GRASSANO;2679;2716;5395
3233;GRASSOBBIO;3221;3124;6345
3234;GRATTERI;479;540;1019
3235;GRAUNO;71;71;142
3236;GRAVEDONA ED UNITI;2034;2175;4209
3237;GRAVELLONA LOMELLINA;1297;1391;2688
3238;GRAVELLONA TOCE;3720;4031;7751
3239;GRAVERE;366;349;715
3240;GRAVINA DI CATANIA;12727;13816;26543
3241;GRAVINA IN PUGLIA;21491;22123;43614
3242;GRAZZANISE;3514;3571;7085
3243;GRAZZANO BADOGLIO;300;318;618
3244;GRECCIO;747;773;1520
3245;GRECI;343;393;736
3246;GREGGIO;190;192;382
3247;GREMIASCO;171;173;344
3248;GRESSAN;1654;1652;3306
3249;GRESSONEY-LA-TRINITE';142;169;311
3250;GRESSONEY-SAINT-JEAN;398;416;814
3251;GREVE IN CHIANTI;6779;7107;13886
3252;GREZZAGO;1441;1401;2842
3253;GREZZANA;5423;5404;10827
3254;GRIANTE;303;320;623
3255;GRICIGNANO DI AVERSA;5240;5319;10559
3256;GRIGNASCO;2281;2410;4691
3257;GRIGNO;1117;1154;2271
3258;GRIMACCO;180;194;374
3259;GRIMALDI;851;888;1739
3260;GRINZANE CAVOUR;948;990;1938
3261;GRISIGNANO DI ZOCCO;2150;2142;4292
3262;GRISOLIA;1126;1184;2310
3263;GRIZZANA MORANDI;2044;1938;3982
3264;GROGNARDO;156;140;296
3265;GROMO;645;594;1239
3266;GRONDONA;273;272;545
3267;GRONE;469;444;913
3268;GRONTARDO;745;724;1469
3269;GROPELLO CAIROLI;2242;2350;4592
3270;GROPPARELLO;1157;1167;2324
3271;GROSCAVALLO;104;87;191
3272;GROSIO;2216;2403;4619
3273;GROSOTTO;777;838;1615
3274;GROSSETO;37161;41469;78630
3275;GROSSO;493;547;1040
3276;GROTTAFERRATA;8925;10231;19156
3277;GROTTAGLIE;15791;16712;32503
3278;GROTTAMINARDA;4062;4235;8297
3279;GROTTAMMARE;7492;8123;15615
3280;GROTTAZZOLINA;1561;1726;3287
3281;GROTTE;2782;3057;5839
3282;GROTTE DI CASTRO;1375;1420;2795
3283;GROTTERIA;1612;1662;3274
3284;GROTTOLE;1152;1219;2371
3285;GROTTOLELLA;958;997;1955
3286;GRUARO;1371;1431;2802
3287;GRUGLIASCO;17887;19307;37194
3288;GRUMELLO CREMONESE ED UNITI;935;938;1873
3289;GRUMELLO DEL MONTE;3531;3697;7228
3290;GRUMENTO NOVA;810;894;1704
3291;GRUMES;205;233;438
3292;GRUMO APPULA;6458;6482;12940
3293;GRUMO NEVANO;8797;9220;18017
3294;GRUMOLO DELLE ABBADESSE;1904;1837;3741
3295;GUAGNANO;2837;3063;5900
3296;GUALDO;420;448;868
3297;GUALDO CATTANEO;3140;3138;6278
3298;GUALDO TADINO;7332;8121;15453
3299;GUALTIERI;3274;3365;6639
3300;GUALTIERI SICAMINO';860;974;1834
3301;GUAMAGGIORE;516;534;1050
3302;GUANZATE;2833;2872;5705
3303;GUARCINO;808;850;1658
3304;GUARDA VENETA;581;604;1185
3305;GUARDABOSONE;167;173;340
3306;GUARDAMIGLIO;1335;1352;2687
3307;GUARDAVALLE;2308;2444;4752
3308;GUARDEA;891;972;1863
3309;GUARDIA LOMBARDI;867;936;1803
3310;GUARDIA PERTICARA;267;313;580
3311;GUARDIA PIEMONTESE;932;963;1895
3312;GUARDIA SANFRAMONDI;2594;2652;5246
3313;GUARDIAGRELE;4521;4846;9367
3314;GUARDIALFIERA;536;584;1120
3315;GUARDIAREGIA;387;400;787
3316;GUARDISTALLO;591;663;1254
3317;GUARENE;1685;1750;3435
3318;GUASILA;1379;1396;2775
3319;GUASTALLA;7144;7642;14786
3320;GUAZZORA;155;158;313
3321;GUBBIO;15760;16672;32432
3322;GUDO VISCONTI;829;882;1711
3323;GUGLIONESI;2746;2703;5449
3324;GUIDIZZOLO;2997;3150;6147
3325;GUIDONIA MONTECELIO;39974;41473;81447
3326;GUIGLIA;2015;1984;3999
3327;GUILMI;211;221;432
3328;GURRO;118;129;247
3329;GUSPINI;6046;6226;12272
3330;GUSSAGO;8070;8333;16403
3331;GUSSOLA;1406;1467;2873
3332;HONE;560;615;1175
3333;IDRO;955;937;1892
3334;IGLESIAS;13347;14327;27674
3335;IGLIANO;43;41;84
3336;ILBONO;1078;1129;2207
3337;ILLASI;2667;2635;5302
3338;ILLORAI;438;515;953
3339;IMBERSAGO;1181;1227;2408
3340;IMER;605;578;1183
3341;IMOLA;32684;35208;67892
3342;IMPERIA;20097;22225;42322
3343;IMPRUNETA;7041;7626;14667
3344;INARZO;532;541;1073
3345;INCISA IN VAL D'ARNO;3047;3277;6324
3346;INCISA SCAPACCINO;1148;1128;2276
3347;INCUDINE;203;200;403
3348;INDUNO OLONA;5039;5297;10336
3349;INGRIA;21;28;49
3350;INTRAGNA;50;57;107
3351;INTROBIO;991;1012;2003
3352;INTROD;314;318;632
3353;INTRODACQUA;1022;1107;2129
3354;INTROZZO;50;72;122
3355;INVERIGO;4367;4559;8926
3356;INVERNO E MONTELEONE;696;694;1390
3357;INVERSO PINASCA;367;374;741
3358;INVERUNO;4204;4405;8609
3359;INVORIO;2191;2273;4464
3360;INZAGO;5185;5355;10540
3361;IONADI;1888;1934;3822
3362;IRGOLI;1202;1143;2345
3363;IRMA;70;77;147
3364;IRSINA;2518;2582;5100
3365;ISASCA;46;32;78
3366;ISCA SULLO IONIO;780;834;1614
3367;ISCHIA;9241;9447;18688
3368;ISCHIA DI CASTRO;1139;1238;2377
3369;ISCHITELLA;2104;2212;4316
3370;ISEO;4383;4717;9100
3371;ISERA;1281;1344;2625
3372;ISERNIA;10677;11348;22025
3373;ISILI;1393;1449;2842
3374;ISNELLO;751;847;1598
3375;ISOLA D'ASTI;1019;1102;2121
3376;ISOLA DEL CANTONE;776;759;1535
3377;ISOLA DEL GIGLIO;734;684;1418
3378;ISOLA DEL GRAN SASSO D'ITALIA;2419;2421;4840
3379;ISOLA DEL LIRI;5684;6279;11963
3380;ISOLA DEL PIANO;329;306;635
3381;ISOLA DELLA SCALA;5646;5811;11457
3382;ISOLA DELLE FEMMINE;3559;3541;7100
3383;ISOLA DI CAPO RIZZUTO;7979;7848;15827
3384;ISOLA DI FONDRA;101;91;192
3385;ISOLA DOVARESE;602;629;1231
3386;ISOLA RIZZA;1647;1608;3255
3387;ISOLA SANT'ANTONIO;366;368;734
3388;ISOLA VICENTINA;4759;4880;9639
3389;ISOLABELLA;202;191;393
3390;ISOLABONA;314;364;678
3391;ISOLE TREMITI;254;201;455
3392;ISORELLA;2044;2047;4091
3393;ISPANI;527;493;1020
3394;ISPICA;7549;7573;15122
3395;ISPRA;2492;2686;5178
3396;ISSIGLIO;207;218;425
3397;ISSIME;209;213;422
3398;ISSO;328;332;660
3399;ISSOGNE;677;719;1396
3400;ISTRANA;4635;4406;9041
3401;ITALA;797;866;1663
3402;ITRI;5234;5226;10460
3403;ITTIREDDU;303;277;580
3404;ITTIRI;4422;4446;8868
3405;IVANO-FRACENA;186;164;350
3406;IVREA;11008;12584;23592
3407;IZANO;1039;1029;2068
3408;JACURSO;270;353;623
3409;JELSI;880;917;1797
3410;JENNE;189;209;398
3411;JERAGO CON ORAGO;2490;2594;5084
3412;JERZU;1579;1649;3228
3413;JESI;19157;21146;40303
3414;JESOLO;11698;12781;24479
3415;JOLANDA DI SAVOIA;1459;1544;3003
3416;JOPPOLO;1039;1051;2090
3417;JOPPOLO GIANCAXIO;582;628;1210
3418;JOVENCAN;387;371;758
3419;L'AQUILA;32487;34477;66964
3420;LA CASSA;909;872;1781
3421;LA LOGGIA;4325;4306;8631
3422;LA MADDALENA;5396;5540;10936
3423;LA MAGDELEINE;60;51;111
3424;LA MORRA;1373;1345;2718
3425;LA SALLE;1025;1046;2071
3426;LA SPEZIA;43464;49195;92659
3427;LA THUILE;385;391;776
3428;LA VALLE AGORDINA;556;594;1150
3429;LA VALLE/WENGEN;679;620;1299
3430;LABICO;2949;3030;5979
3431;LABRO;170;174;344
3432;LACCHIARELLA;4093;4297;8390
3433;LACCO AMENO;2275;2400;4675
3434;LACEDONIA;1179;1286;2465
3435;LACES/LATSCH;2552;2574;5126
3436;LACONI;969;1039;2008
3437;LADISPOLI;18097;19196;37293
3438;LAERRU;480;465;945
3439;LAGANADI;188;224;412
3440;LAGHI;62;61;123
3441;LAGLIO;434;483;917
3442;LAGNASCO;722;683;1405
3443;LAGO;1304;1385;2689
3444;LAGONEGRO;2741;2984;5725
3445;LAGOSANTO;2363;2589;4952
3446;LAGUNDO/ALGUND;2354;2519;4873
3447;LAIGUEGLIA;828;972;1800
3448;LAINATE;12334;12720;25054
3449;LAINO;266;251;517
3450;LAINO BORGO;970;1057;2027
3451;LAINO CASTELLO;415;464;879
3452;LAION/LAJEN;1313;1306;2619
3453;LAIVES/LEIFERS;8345;8564;16909
3454;LAJATICO;672;704;1376
3455;LALLIO;2035;2089;4124
3456;LAMA DEI PELIGNI;646;718;1364
3457;LAMA MOCOGNO;1403;1441;2844
3458;LAMBRUGO;1242;1227;2469
3459;LAMEZIA TERME;34260;36076;70336
3460;LAMON;1488;1558;3046
3461;LAMPEDUSA E LINOSA;3145;2960;6105
3462;LAMPORECCHIO;3677;3906;7583
3463;LAMPORO;274;272;546
3464;LANA/LANA;5468;5783;11251
3465;LANCIANO;17371;18550;35921
3466;LANDIONA;281;309;590
3467;LANDRIANO;2867;3050;5917
3468;LANGHIRANO;4837;4947;9784
3469;LANGOSCO;207;229;436
3470;LANUSEI;2689;2803;5492
3471;LANUVIO;6483;6523;13006
3472;LANZADA;700;672;1372
3473;LANZO D'INTELVI;693;727;1420
3474;LANZO TORINESE;2473;2677;5150
3475;LAPEDONA;592;583;1175
3476;LAPIO;806;842;1648
3477;LAPPANO;487;499;986
3478;LARCIANO;3133;3285;6418
3479;LARDARO;110;95;205
3480;LARDIRAGO;611;589;1200
3481;LARI;4287;4451;8738
3482;LARIANO;6349;6544;12893
3483;LARINO;3565;3577;7142
3484;LAS PLASSAS;130;127;257
3485;LASA/LAAS;1972;1960;3932
3486;LASCARI;1689;1811;3500
3487;LASINO;647;655;1302
3488;LASNIGO;231;231;462
3489;LASTEBASSE;107;122;229
3490;LASTRA A SIGNA;9209;9751;18960
3491;LATERA;480;453;933
3492;LATERINA;1752;1789;3541
3493;LATERZA;7547;7749;15296
3494;LATIANO;7360;7685;15045
3495;LATINA;56730;61162;117892
3496;LATISANA;6549;7098;13647
3497;LATRONICO;2298;2450;4748
3498;LATTARICO;2004;2054;4058
3499;LAUCO;397;387;784
3500;LAUREANA CILENTO;563;588;1151
3501;LAUREANA DI BORRELLO;2555;2734;5289
3502;LAUREGNO/LAUREIN;187;157;344
3503;LAURENZANA;934;1010;1944
3504;LAURIA;6474;6788;13262
3505;LAURIANO;735;758;1493
3506;LAURINO;840;868;1708
3507;LAURITO;419;424;843
3508;LAURO;1747;1861;3608
3509;LAVAGNA;5765;6814;12579
3510;LAVAGNO;4053;4048;8101
3511;LAVARONE;519;568;1087
3512;LAVELLO;6788;6802;13590
3513;LAVENA PONTE TRESA;2580;2834;5414
3514;LAVENO-MOMBELLO;4157;4748;8905
3515;LAVENONE;302;305;607
3516;LAVIANO;719;766;1485
3517;LAVIS;4280;4356;8636
3518;LAZISE;3285;3410;6695
3519;LAZZATE;3728;3875;7603
3520;LECCE;41599;48317;89916
3521;LECCE NEI MARSI;829;906;1735
3522;LECCO;22118;24587;46705
3523;LEDRO;2654;2794;5448
3524;LEFFE;2309;2362;4671
3525;LEGGIUNO;1735;1836;3571
3526;LEGNAGO;12014;12978;24992
3527;LEGNANO;27706;29941;57647
3528;LEGNARO;4276;4268;8544
3529;LEI;287;279;566
3530;LEINI;7631;7892;15523
3531;LEIVI;1118;1231;2349
3532;LEMIE;95;94;189
3533;LENDINARA;5772;6252;12024
3534;LENI;360;342;702
3535;LENNA;309;332;641
3536;LENNO;890;943;1833
3537;LENO;7194;7170;14364
3538;LENOLA;2002;2153;4155
3539;LENTA;429;449;878
3540;LENTATE SUL SEVESO;7707;7779;15486
3541;LENTELLA;350;375;725
3542;LENTIAI;1466;1513;2979
3543;LENTINI;11825;12659;24484
3544;LEONESSA;1236;1244;2480
3545;LEONFORTE;6702;7176;13878
3546;LEPORANO;3906;3896;7802
3547;LEQUILE;4152;4472;8624
3548;LEQUIO BERRIA;262;232;494
3549;LEQUIO TANARO;414;405;819
3550;LERCARA FRIDDI;3276;3659;6935
3551;LERICI;4653;5437;10090
3552;LERMA;422;451;873
3553;LESA;1042;1194;2236
3554;LESEGNO;406;448;854
3555;LESIGNANO DE' BAGNI;2367;2392;4759
3556;LESINA;3124;3195;6319
3557;LESMO;3941;4153;8094
3558;LESSOLO;958;1024;1982
3559;LESSONA;1215;1276;2491
3560;LESTIZZA;1918;1967;3885
3561;LETINO;340;375;715
3562;LETOJANNI;1304;1395;2699
3563;LETTERE;3058;3095;6153
3564;LETTOMANOPPELLO;1502;1517;3019
3565;LETTOPALENA;192;173;365
3566;LEVANTO;2594;2915;5509
3567;LEVATE;1904;1898;3802
3568;LEVERANO;6872;7197;14069
3569;LEVICE;125;121;246
3570;LEVICO TERME;3647;3869;7516
3571;LEVONE;224;215;439
3572;LEZZENO;985;1067;2052
3573;LIBERI;539;618;1157
3574;LIBRIZZI;844;927;1771
3575;LICATA;18548;19577;38125
3576;LICCIANA NARDI;2426;2529;4955
3577;LICENZA;520;492;1012
3578;LICODIA EUBEA;1489;1558;3047
3579;LIERNA;1131;1101;2232
3580;LIGNANA;276;303;579
3581;LIGNANO SABBIADORO;3140;3307;6447
3582;LIGONCHIO;423;438;861
3583;LIGOSULLO;72;70;142
3584;LILLIANES;222;243;465
3585;LIMANA;2462;2599;5061
3586;LIMATOLA;2042;2035;4077
3587;LIMBADI;1708;1790;3498
3588;LIMBIATE;16740;17163;33903
3589;LIMENA;3819;3880;7699
3590;LIMIDO COMASCO;1934;1859;3793
3591;LIMINA;417;483;900
3592;LIMONE PIEMONTE;743;747;1490
3593;LIMONE SUL GARDA;565;586;1151
3594;LIMOSANO;437;389;826
3595;LINAROLO;1361;1393;2754
3596;LINGUAGLOSSA;2621;2795;5416
3597;LIONI;3099;3236;6335
3598;LIPARI;5871;5771;11642
3599;LIPOMO;2875;2925;5800
3600;LIRIO;71;65;136
3601;LISCATE;2057;1993;4050
3602;LISCIA;363;349;712
3603;LISCIANO NICCONE;308;316;624
3604;LISIGNAGO;239;245;484
3605;LISIO;107;107;214
3606;LISSONE;20611;21609;42220
3607;LIVERI;798;881;1679
3608;LIVIGNO;3074;2902;5976
3609;LIVINALLONGO DEL COL DI LANA;661;723;1384
3610;LIVO;456;431;887
3611;LIVO;107;83;190
3612;LIVORNO;74662;82390;157052
3613;LIVORNO FERRARIS;2182;2268;4450
3614;LIVRAGA;1302;1300;2602
3615;LIZZANELLO;5616;5933;11549
3616;LIZZANO;5017;5221;10238
3617;LIZZANO IN BELVEDERE;1093;1216;2309
3618;LOANO;5261;6302;11563
3619;LOAZZOLO;161;176;337
3620;LOCANA;761;840;1601
3621;LOCATE DI TRIULZI;4723;4932;9655
3622;LOCATE VARESINO;2103;2113;4216
3623;LOCATELLO;405;414;819
3624;LOCERI;615;663;1278
3625;LOCOROTONDO;6865;7296;14161
3626;LOCRI;5988;6471;12459
3627;LOCULI;269;246;515
3628;LODE';979;915;1894
3629;LODI;20506;22826;43332
3630;LODI VECCHIO;3595;3761;7356
3631;LODINE;174;184;358
3632;LODRINO;910;840;1750
3633;LOGRATO;1905;1888;3793
3634;LOIANO;2227;2207;4434
3635;LOIRI PORTO SAN PAOLO;1622;1612;3234
3636;LOMAGNA;2435;2464;4899
3637;LOMAZZO;4417;4777;9194
3638;LOMBARDORE;879;827;1706
3639;LOMBRIASCO;540;516;1056
3640;LOMELLO;1099;1196;2295
3641;LONA-LASES;444;432;876
3642;LONATE CEPPINO;2395;2465;4860
3643;LONATE POZZOLO;5830;5918;11748
3644;LONATO DEL GARDA;7686;7873;15559
3645;LONDA;926;901;1827
3646;LONGANO;341;356;697
3647;LONGARE;2820;2834;5654
3648;LONGARONE;1903;2042;3945
3649;LONGHENA;315;292;607
3650;LONGI;757;805;1562
3651;LONGIANO;3370;3467;6837
3652;LONGOBARDI;1123;1133;2256
3653;LONGOBUCCO;1729;1750;3479
3654;LONGONE AL SEGRINO;886;894;1780
3655;LONGONE SABINO;291;292;583
3656;LONIGO;7730;7851;15581
3657;LORANZE';555;571;1126
3658;LOREGGIA;3684;3613;7297
3659;LOREGLIA;130;132;262
3660;LORENZAGO DI CADORE;277;290;567
3661;LORENZANA;601;600;1201
3662;LOREO;1746;1822;3568
3663;LORETO;6045;6488;12533
3664;LORETO APRUTINO;3736;3883;7619
3665;LORIA;4665;4432;9097
3666;LORO CIUFFENNA;2917;2975;5892
3667;LORO PICENO;1190;1291;2481
3668;LORSICA;261;258;519
3669;LOSINE;288;303;591
3670;LOTZORAI;1068;1083;2151
3671;LOVERE;2447;2871;5318
3672;LOVERO;333;334;667
3673;LOZIO;210;208;418
3674;LOZZA;619;618;1237
3675;LOZZO ATESTINO;1595;1584;3179
3676;LOZZO DI CADORE;709;788;1497
3677;LOZZOLO;394;425;819
3678;LU;570;611;1181
3679;LUBRIANO;456;463;919
3680;LUCCA;41405;45795;87200
3681;LUCCA SICULA;942;975;1917
3682;LUCERA;16676;17657;34333
3683;LUCIGNANO;1753;1862;3615
3684;LUCINASCO;148;132;280
3685;LUCITO;340;394;734
3686;LUCO DEI MARSI;2976;2892;5868
3687;LUCOLI;510;509;1019
3688;LUGAGNANO VAL D'ARDA;2026;2129;4155
3689;LUGNACCO;185;194;379
3690;LUGNANO IN TEVERINA;783;756;1539
3691;LUGO;15247;16815;32062
3692;LUGO DI VICENZA;1867;1872;3739
3693;LUINO;6831;7445;14276
3694;LUISAGO;1324;1362;2686
3695;LULA;763;732;1495
3696;LUMARZO;796;798;1594
3697;LUMEZZANE;11597;11793;23390
3698;LUNAMATRONA;873;910;1783
3699;LUNANO;776;752;1528
3700;LUNGAVILLA;1160;1252;2412
3701;LUNGRO;1255;1262;2517
3702;LUNI;4084;4321;8405
3703;LUOGOSANO;649;589;1238
3704;LUOGOSANTO;950;955;1905
3705;LUPARA;260;278;538
3706;LURAGO D'ERBA;2646;2689;5335
3707;LURAGO MARINONE;1234;1222;2456
3708;LURANO;1296;1284;2580
3709;LURAS;1299;1352;2651
3710;LURATE CACCIVIO;4835;5087;9922
3711;LUSCIANO;7148;7391;14539
3712;LUSERNA;128;151;279
3713;LUSERNA SAN GIOVANNI;3537;3994;7531
3714;LUSERNETTA;264;260;524
3715;LUSEVERA;346;354;700
3716;LUSIA;1751;1844;3595
3717;LUSIANA;1367;1373;2740
3718;LUSIGLIE';281;275;556
3719;LUSON/LUSEN;748;779;1527
3720;LUSTRA;546;554;1100
3721;LUVINATE;654;655;1309
3722;LUZZANA;450;441;891
3723;LUZZARA;4616;4553;9169
3724;LUZZI;4707;4861;9568
3725;MACCAGNO;946;1038;1984
3726;MACCASTORNA;35;25;60
3727;MACCHIA D'ISERNIA;488;491;979
3728;MACCHIA VALFORTORE;310;311;621
3729;MACCHIAGODENA;896;948;1844
3730;MACELLO;618;620;1238
3731;MACERATA;19783;22236;42019
3732;MACERATA CAMPANIA;5154;5404;10558
3733;MACERATA FELTRIA;979;1093;2072
3734;MACHERIO;3488;3642;7130
3735;MACLODIO;780;721;1501
3736;MACOMER;5123;5388;10511
3737;MACRA;26;26;52
3738;MACUGNAGA;306;295;601
3739;MADDALONI;19226;20183;39409
3740;MADESIMO;281;259;540
3741;MADIGNANO;1453;1478;2931
3742;MADONE;1990;1953;3943
3743;MADONNA DEL SASSO;213;183;396
3744;MAENZA;1531;1547;3078
3745;MAFALDA;619;612;1231
3746;MAGASA;75;70;145
3747;MAGENTA;10984;11893;22877
3748;MAGGIORA;863;879;1742
3749;MAGHERNO;825;865;1690
3750;MAGIONE;7118;7471;14589
3751;MAGISANO;610;662;1272
3752;MAGLIANO ALFIERI;993;1033;2026
3753;MAGLIANO ALPI;1124;1107;2231
3754;MAGLIANO DE' MARSI;1820;1933;3753
3755;MAGLIANO DI TENNA;705;721;1426
3756;MAGLIANO IN TOSCANA;1764;1869;3633
3757;MAGLIANO ROMANO;739;731;1470
3758;MAGLIANO SABINA;1830;1969;3799
3759;MAGLIANO VETERE;355;384;739
3760;MAGLIE;6874;7945;14819
3761;MAGLIOLO;485;432;917
3762;MAGLIONE;221;247;468
3763;MAGNACAVALLO;833;836;1669
3764;MAGNAGO;4510;4575;9085
3765;MAGNANO;197;181;378
3766;MAGNANO IN RIVIERA;1167;1199;2366
3767;MAGOMADAS;307;336;643
3768;MAGRE' SULLA STRADA DEL VINO/MARGREID AN DER WEINSTRASSE;628;653;1281
3769;MAGREGLIO;304;341;645
3770;MAIDA;2166;2291;4457
3771;MAIERA';616;615;1231
3772;MAIERATO;1052;1146;2198
3773;MAIOLATI SPONTINI;2936;3239;6175
3774;MAIOLO;432;416;848
3775;MAIORI;2718;2857;5575
3776;MAIRAGO;709;688;1397
3777;MAIRANO;1686;1643;3329
3778;MAISSANA;355;304;659
3779;MAJANO;2930;3121;6051
3780;MALAGNINO;749;776;1525
3781;MALALBERGO;4308;4463;8771
3782;MALBORGHETTO VALBRUNA;481;488;969
3783;MALCESINE;1782;1903;3685
3784;MALE';1029;1106;2135
3785;MALEGNO;1029;1049;2078
3786;MALEO;1534;1715;3249
3787;MALESCO;714;751;1465
3788;MALETTO;1911;2104;4015
3789;MALFA;508;480;988
3790;MALGESSO;653;645;1298
3791;MALGRATE;2033;2183;4216
3792;MALITO;401;411;812
3793;MALLARE;582;618;1200
3794;MALLES VENOSTA/MALS;2598;2488;5086
3795;MALNATE;7956;8648;16604
3796;MALO;7286;7355;14641
3797;MALONNO;1618;1702;3320
3798;MALOSCO;231;214;445
3799;MALTIGNANO;1240;1243;2483
3800;MALVAGNA;366;428;794
3801;MALVICINO;36;48;84
3802;MALVITO;945;922;1867
3803;MAMMOLA;1413;1558;2971
3804;MAMOIADA;1242;1317;2559
3805;MANCIANO;3493;3766;7259
3806;MANDANICI;299;330;629
3807;MANDAS;1111;1127;2238
3808;MANDATORICCIO;1439;1461;2900
3809;MANDELA;453;444;897
3810;MANDELLO DEL LARIO;5146;5432;10578
3811;MANDELLO VITTA;114;130;244
3812;MANDURIA;14910;16011;30921
3813;MANERBA DEL GARDA;2412;2490;4902
3814;MANERBIO;6231;6638;12869
3815;MANFREDONIA;27953;28304;56257
3816;MANGO;662;672;1334
3817;MANGONE;898;925;1823
3818;MANIACE;1848;1823;3671
3819;MANIAGO;5810;6008;11818
3820;MANOCALZATI;1614;1620;3234
3821;MANOPPELLO;3395;3613;7008
3822;MANSUE';2541;2433;4974
3823;MANTA;1799;1936;3735
3824;MANTELLO;353;379;732
3825;MANTOVA;21426;25223;46649
3826;MANZANO;3167;3414;6581
3827;MANZIANA;3362;3720;7082
3828;MAPELLO;3245;3208;6453
3829;MARA;331;351;682
3830;MARACALAGONIS;3842;3681;7523
3831;MARANELLO;8184;8438;16622
3832;MARANO DI NAPOLI;27699;29505;57204
3833;MARANO DI VALPOLICELLA;1528;1555;3083
3834;MARANO EQUO;398;388;786
3835;MARANO LAGUNARE;986;977;1963
3836;MARANO MARCHESATO;1710;1764;3474
3837;MARANO PRINCIPATO;1545;1574;3119
3838;MARANO SUL PANARO;2392;2395;4787
3839;MARANO TICINO;778;776;1554
3840;MARANO VICENTINO;4849;4813;9662
3841;MARANZANA;149;158;307
3842;MARATEA;2496;2654;5150
3843;MARCALLO CON CASONE;2985;3047;6032
3844;MARCARIA;3359;3554;6913
3845;MARCEDUSA;208;217;425
3846;MARCELLINA;3434;3467;6901
3847;MARCELLINARA;1091;1162;2253
3848;MARCETELLI;54;43;97
3849;MARCHENO;2224;2135;4359
3850;MARCHIROLO;1670;1711;3381
3851;MARCIANA;1055;1153;2208
3852;MARCIANA MARINA;958;988;1946
3853;MARCIANISE;19746;20551;40297
3854;MARCIANO DELLA CHIANA;1643;1779;3422
3855;MARCIGNAGO;1235;1205;2440
3856;MARCON;8091;8124;16215
3857;MAREBBE/ENNEBERG;1487;1420;2907
3858;MARENE;1511;1544;3055
3859;MARENO DI PIAVE;4827;4840;9667
3860;MARENTINO;708;675;1383
3861;MARETTO;205;200;405
3862;MARGARITA;719;713;1432
3863;MARGHERITA DI SAVOIA;5972;6221;12193
3864;MARGNO;181;194;375
3865;MARIANA MANTOVANA;348;381;729
3866;MARIANO COMENSE;11564;11936;23500
3867;MARIANO DEL FRIULI;786;814;1600
3868;MARIANOPOLI;956;1050;2006
3869;MARIGLIANELLA;3753;3819;7572
3870;MARIGLIANO;14606;15641;30247
3871;MARINA DI GIOIOSA IONICA;3213;3302;6515
3872;MARINEO;3338;3441;6779
3873;MARINO;18457;19788;38245
3874;MARLENGO/MARLING;1267;1266;2533
3875;MARLIANA;1586;1615;3201
3876;MARMENTINO;349;327;676
3877;MARMIROLO;3755;4004;7759
3878;MARMORA;38;36;74
3879;MARNATE;3564;3735;7299
3880;MARONE;1611;1682;3293
3881;MAROPATI;766;817;1583
3882;MAROSTICA;6777;7006;13783
3883;MARRADI;1612;1645;3257
3884;MARRUBIU;2502;2419;4921
3885;MARSAGLIA;129;132;261
3886;MARSALA;38906;41312;80218
3887;MARSCIANO;9098;9603;18701
3888;MARSICO NUOVO;2051;2307;4358
3889;MARSICOVETERE;2681;2660;5341
3890;MARTA;1708;1812;3520
3891;MARTANO;4446;4874;9320
3892;MARTELLAGO;10344;10827;21171
3893;MARTELLO/MARTELL;472;407;879
3894;MARTIGNACCO;3284;3512;6796
3895;MARTIGNANA DI PO;942;951;1893
3896;MARTIGNANO;858;872;1730
3897;MARTINA FRANCA;23555;25454;49009
3898;MARTINENGO;5118;4970;10088
3899;MARTINIANA PO;403;378;781
3900;MARTINSICURO;7607;7877;15484
3901;MARTIRANO;451;486;937
3902;MARTIRANO LOMBARDO;574;593;1167
3903;MARTIS;272;281;553
3904;MARTONE;274;280;554
3905;MARUDO;799;769;1568
3906;MARUGGIO;2667;2744;5411
3907;MARZABOTTO;3286;3398;6684
3908;MARZANO;789;770;1559
3909;MARZANO APPIO;1128;1217;2345
3910;MARZANO DI NOLA;839;841;1680
3911;MARZI;494;502;996
3912;MARZIO;163;140;303
3913;MASAINAS;667;683;1350
3914;MASATE;1642;1670;3312
3915;MASCALI;6793;6999;13792
3916;MASCALUCIA;14646;15338;29984
3917;MASCHITO;827;903;1730
3918;MASCIAGO PRIMO;149;141;290
3919;MASER;2442;2520;4962
3920;MASERA;755;772;1527
3921;MASERA' DI PADOVA;4493;4552;9045
3922;MASERADA SUL PIAVE;4614;4679;9293
3923;MASI;859;923;1782
3924;MASI TORELLO;1121;1247;2368
3925;MASIO;733;732;1465
3926;MASLIANICO;1592;1713;3305
3927;MASON VICENTINO;1690;1827;3517
3928;MASONE;1828;1930;3758
3929;MASSA;33040;35816;68856
3930;MASSA D'ALBE;739;770;1509
3931;MASSA DI SOMMA;2748;2839;5587
3932;MASSA E COZZILE;3717;4069;7786
3933;MASSA FERMANA;483;519;1002
3934;MASSA FISCAGLIA;1730;1866;3596
3935;MASSA LOMBARDA;5102;5347;10449
3936;MASSA LUBRENSE;6871;7149;14020
3937;MASSA MARITTIMA;4052;4562;8614
3938;MASSA MARTANA;1898;1924;3822
3939;MASSAFRA;15860;16521;32381
3940;MASSALENGO;2104;2088;4192
3941;MASSANZAGO;2963;2909;5872
3942;MASSAROSA;10930;11400;22330
3943;MASSAZZA;270;272;542
3944;MASSELLO;30;28;58
3945;MASSERANO;1061;1141;2202
3946;MASSIGNANO;818;837;1655
3947;MASSIMENO;63;61;124
3948;MASSIMINO;60;61;121
3949;MASSINO VISCONTI;546;565;1111
3950;MASSIOLA;65;72;137
3951;MASULLAS;597;532;1129
3952;MATELICA;4944;5234;10178
3953;MATERA;29092;30704;59796
3954;MATHI;1934;2051;3985
3955;MATINO;5625;6079;11704
3956;MATRICE;547;563;1110
3957;MATTIE;362;345;707
3958;MATTINATA;3104;3256;6360
3959;MAZARA DEL VALLO;24580;25415;49995
3960;MAZZANO;5680;5807;11487
3961;MAZZANO ROMANO;1527;1529;3056
3962;MAZZARINO;5853;6480;12333
3963;MAZZARRA' SANT'ANDREA;770;797;1567
3964;MAZZARRONE;1970;2019;3989
3965;MAZZE';2011;2141;4152
3966;MAZZIN;243;251;494
3967;MAZZO DI VALTELLINA;516;525;1041
3968;MEANA DI SUSA;440;440;880
3969;MEANA SARDO;946;967;1913
3970;MEDA;11285;11788;23073
3971;MEDE;3329;3583;6912
3972;MEDEA;475;495;970
3973;MEDESANO;5253;5410;10663
3974;MEDICINA;8068;8458;16526
3975;MEDIGLIA;6046;6034;12080
3976;MEDOLAGO;1168;1172;2340
3977;MEDOLE;1949;2089;4038
3978;MEDOLLA;3070;3252;6322
3979;MEDUNA DI LIVENZA;1440;1507;2947
3980;MEDUNO;831;843;1674
3981;MEGLIADINO SAN FIDENZIO;948;1004;1952
3982;MEGLIADINO SAN VITALE;960;1017;1977
3983;MEINA;1212;1344;2556
3984;MEL;3020;3162;6182
3985;MELARA;899;971;1870
3986;MELAZZO;665;650;1315
3987;MELDOLA;4891;5109;10000
3988;MELE;1301;1386;2687
3989;MELEGNANO;7851;8923;16774
3990;MELENDUGNO;4680;4966;9646
3991;MELETI;230;236;466
3992;MELFI;8576;8849;17425
3993;MELICUCCA';481;520;1001
3994;MELICUCCO;2512;2533;5045
3995;MELILLI;6558;6518;13076
3996;MELISSA;1733;1796;3529
3997;MELISSANO;3522;3785;7307
3998;MELITO DI NAPOLI;18205;18728;36933
3999;MELITO DI PORTO SALVO;5457;5658;11115
4000;MELITO IRPINO;969;967;1936
4001;MELIZZANO;909;983;1892
4002;MELLE;158;168;326
4003;MELLO;498;503;1001
4004;MELPIGNANO;1063;1146;2209
4005;MELTINA/MOLTEN;851;797;1648
4006;MELZO;8654;9549;18203
4007;MENAGGIO;1513;1669;3182
4008;MENAROLA;27;19;46
4009;MENCONICO;192;186;378
4010;MENDATICA;101;104;205
4011;MENDICINO;4557;4681;9238
4012;MENFI;6187;6524;12711
4013;MENTANA;10186;10586;20772
4014;MEOLO;3251;3214;6465
4015;MERANA;100;85;185
4016;MERANO/MERAN;17771;19597;37368
4017;MERATE;7016;7567;14583
4018;MERCALLO;916;911;1827
4019;MERCATELLO SUL METAURO;706;731;1437
4020;MERCATINO CONCA;552;556;1108
4021;MERCATO SAN SEVERINO;10779;11257;22036
4022;MERCATO SARACENO;3520;3477;6997
4023;MERCENASCO;640;627;1267
4024;MERCOGLIANO;6120;6283;12403
4025;MERETO DI TOMBA;1351;1358;2709
4026;MERGO;521;562;1083
4027;MERGOZZO;1056;1140;2196
4028;MERI';1186;1210;2396
4029;MERLARA;1384;1447;2831
4030;MERLINO;899;873;1772
4031;MERONE;2072;2083;4155
4032;MESAGNE;13163;14590;27753
4033;MESE;855;892;1747
4034;MESENZANA;731;755;1486
4035;MESERO;1951;1958;3909
4036;MESOLA;3496;3644;7140
4037;MESORACA;3243;3475;6718
4038;MESSINA;116350;126912;243262
4039;MESTRINO;5337;5624;10961
4040;META;3772;4197;7969
4041;MEUGLIANO;54;39;93
4042;MEZZAGO;1998;2108;4106
4043;MEZZANA;449;435;884
4044;MEZZANA BIGLI;539;569;1108
4045;MEZZANA MORTIGLIENGO;263;298;561
4046;MEZZANA RABATTONE;235;267;502
4047;MEZZANE DI SOTTO;1162;1301;2463
4048;MEZZANEGO;798;826;1624
4049;MEZZANI;1679;1703;3382
4050;MEZZANINO;749;745;1494
4051;MEZZANO;793;822;1615
4052;MEZZEGRA;488;526;1014
4053;MEZZENILE;421;413;834
4054;MEZZOCORONA;2505;2656;5161
4055;MEZZOJUSO;1456;1564;3020
4056;MEZZOLDO;89;104;193
4057;MEZZOLOMBARDO;3331;3486;6817
4058;MEZZOMERICO;592;584;1176
4059;MIAGLIANO;298;340;638
4060;MIANE;1675;1761;3436
4061;MIASINO;406;481;887
4062;MIAZZINA;216;198;414
4063;MICIGLIANO;70;61;131
4064;MIGGIANO;1715;1969;3684
4065;MIGLIANICO;2394;2450;4844
4066;MIGLIARINO;1819;1876;3695
4067;MIGLIARO;1080;1148;2228
4068;MIGLIERINA;364;435;799
4069;MIGLIONICO;1250;1293;2543
4070;MIGNANEGO;1862;1894;3756
4071;MIGNANO MONTE LUNGO;1600;1658;3258
4072;MILANO;580978;661145;1242123
4073;MILAZZO;15536;16610;32146
4074;MILENA;1539;1639;3178
4075;MILETO;3421;3473;6894
4076;MILIS;769;822;1591
4077;MILITELLO IN VAL DI CATANIA;3825;3982;7807
4078;MILITELLO ROSMARINO;642;692;1334
4079;MILLESIMO;1672;1754;3426
4080;MILO;534;531;1065
4081;MILZANO;906;893;1799
4082;MINEO;2522;2694;5216
4083;MINERBE;2264;2403;4667
4084;MINERBIO;4196;4478;8674
4085;MINERVINO DI LECCE;1737;1992;3729
4086;MINERVINO MURGE;4549;4784;9333
4087;MINORI;1367;1455;2822
4088;MINTURNO;9417;10055;19472
4089;MINUCCIANO;1076;1145;2221
4090;MIOGLIA;260;279;539
4091;MIRA;18807;19745;38552
4092;MIRABELLA ECLANO;3869;4035;7904
4093;MIRABELLA IMBACCARI;2433;2758;5191
4094;MIRABELLO;1684;1819;3503
4095;MIRABELLO MONFERRATO;698;703;1401
4096;MIRABELLO SANNITICO;1069;1088;2157
4097;MIRADOLO TERME;1888;1904;3792
4098;MIRANDA;527;537;1064
4099;MIRANDOLA;11476;12484;23960
4100;MIRANO;12746;13710;26456
4101;MIRTO;471;529;1000
4102;MISANO ADRIATICO;6020;6232;12252
4103;MISANO DI GERA D'ADDA;1465;1462;2927
4104;MISILMERI;13625;13945;27570
4105;MISINTO;2598;2597;5195
4106;MISSAGLIA;4244;4335;8579
4107;MISSANELLO;254;294;548
4108;MISTERBIANCO;23215;24141;47356
4109;MISTRETTA;2339;2675;5014
4110;MOASCA;238;232;470
4111;MOCONESI;1361;1334;2695
4112;MODENA;84974;94175;179149
4113;MODICA;26066;27893;53959
4114;MODIGLIANA;2348;2378;4726
4115;MODOLO;73;92;165
4116;MODUGNO;18461;19071;37532
4117;MOENA;1327;1363;2690
4118;MOGGIO;248;255;503
4119;MOGGIO UDINESE;883;931;1814
4120;MOGLIA;2887;3036;5923
4121;MOGLIANO;2335;2438;4773
4122;MOGLIANO VENETO;13453;14155;27608
4123;MOGORELLA;235;228;463
4124;MOGORO;2177;2177;4354
4125;MOIANO;2002;2119;4121
4126;MOIMACCO;822;826;1648
4127;MOIO ALCANTARA;365;391;756
4128;MOIO DE' CALVI;111;102;213
4129;MOIO DELLA CIVITELLA;899;957;1856
4130;MOIOLA;131;121;252
4131;MOLA DI BARI;12564;13003;25567
4132;MOLARE;1081;1188;2269
4133;MOLAZZANA;552;575;1127
4134;MOLFETTA;29335;31098;60433
4135;MOLINA ATERNO;208;211;419
4136;MOLINARA;794;868;1662
4137;MOLINELLA;7536;8115;15651
4138;MOLINI DI TRIORA;316;310;626
4139;MOLINO DEI TORTI;335;318;653
4140;MOLISE;89;73;162
4141;MOLITERNO;1997;2185;4182
4142;MOLLIA;55;49;104
4143;MOLOCHIO;1304;1339;2643
4144;MOLTENO;1784;1803;3587
4145;MOLTRASIO;797;843;1640
4146;MOLVENA;1274;1322;2596
4147;MOLVENO;537;573;1110
4148;MOMBALDONE;118;103;221
4149;MOMBARCARO;131;143;274
4150;MOMBAROCCIO;1077;1057;2134
4151;MOMBARUZZO;579;574;1153
4152;MOMBASIGLIO;284;332;616
4153;MOMBELLO DI TORINO;205;206;411
4154;MOMBELLO MONFERRATO;533;554;1087
4155;MOMBERCELLI;1143;1200;2343
4156;MOMO;1286;1387;2673
4157;MOMPANTERO;314;337;651
4158;MOMPEO;258;276;534
4159;MOMPERONE;107;112;219
4160;MONACILIONI;259;294;553
4161;MONALE;527;499;1026
4162;MONASTERACE;1622;1747;3369
4163;MONASTERO BORMIDA;454;552;1006
4164;MONASTERO DI LANZO;193;188;381
4165;MONASTERO DI VASCO;627;692;1319
4166;MONASTEROLO CASOTTO;51;50;101
4167;MONASTEROLO DEL CASTELLO;590;600;1190
4168;MONASTEROLO DI SAVIGLIANO;656;701;1357
4169;MONASTIER DI TREVISO;2020;2067;4087
4170;MONASTIR;2204;2301;4505
4171;MONCALIERI;26740;29135;55875
4172;MONCALVO;1484;1700;3184
4173;MONCENISIO;20;22;42
4174;MONCESTINO;110;118;228
4175;MONCHIERO;288;270;558
4176;MONCHIO DELLE CORTI;501;484;985
4177;MONCLASSICO;430;452;882
4178;MONCRIVELLO;719;746;1465
4179;MONCUCCO TORINESE;441;437;878
4180;MONDAINO;702;739;1441
4181;MONDAVIO;1930;1999;3929
4182;MONDOLFO;5850;5885;11735
4183;MONDOVI';10753;11500;22253
4184;MONDRAGONE;13272;13798;27070
4185;MONEGLIA;1341;1549;2890
4186;MONESIGLIO;341;371;712
4187;MONFALCONE;13264;13777;27041
4188;MONFORTE D'ALBA;1007;1035;2042
4189;MONFORTE SAN GIORGIO;1378;1502;2880
4190;MONFUMO;715;727;1442
4191;MONGARDINO;473;478;951
4192;MONGHIDORO;1901;1905;3806
4193;MONGIANA;394;402;796
4194;MONGIARDINO LIGURE;98;79;177
4195;MONGIUFFI MELIA;318;335;653
4196;MONGRANDO;1924;2053;3977
4197;MONGRASSANO;807;854;1661
4198;MONGUELFO-TESIDO/WELSBERG-TAISTEN;1385;1412;2797
4199;MONGUZZO;1116;1114;2230
4200;MONIGA DEL GARDA;1198;1238;2436
4201;MONLEALE;286;307;593
4202;MONNO;267;297;564
4203;MONOPOLI;23604;24925;48529
4204;MONREALE;18743;19275;38018
4205;MONRUPINO;433;448;881
4206;MONSAMPIETRO MORICO;351;331;682
4207;MONSAMPOLO DEL TRONTO;2275;2288;4563
4208;MONSANO;1645;1708;3353
4209;MONSELICE;8324;9127;17451
4210;MONSERRATO;9782;10667;20449
4211;MONSUMMANO TERME;10046;10721;20767
4212;MONTA';2287;2428;4715
4213;MONTABONE;179;168;347
4214;MONTACUTO;168;138;306
4215;MONTAFIA;462;442;904
4216;MONTAGANO;542;608;1150
4217;MONTAGNA IN VALTELLINA;1473;1558;3031
4218;MONTAGNA/MONTAN;818;809;1627
4219;MONTAGNANA;4544;4877;9421
4220;MONTAGNAREALE;788;843;1631
4221;MONTAGNE;106;140;246
4222;MONTAGUTO;220;231;451
4223;MONTAIONE;1843;1933;3776
4224;MONTALBANO ELICONA;1135;1285;2420
4225;MONTALBANO JONICO;3678;3749;7427
4226;MONTALCINO;2462;2683;5145
4227;MONTALDEO;152;139;291
4228;MONTALDO BORMIDA;359;349;708
4229;MONTALDO DI MONDOVI';271;300;571
4230;MONTALDO ROERO;443;429;872
4231;MONTALDO SCARAMPI;382;406;788
4232;MONTALDO TORINESE;364;385;749
4233;MONTALE;5211;5471;10682
4234;MONTALENGHE;510;520;1030
4235;MONTALLEGRO;1229;1314;2543
4236;MONTALTO DELLE MARCHE;1057;1203;2260
4237;MONTALTO DI CASTRO;4335;4435;8770
4238;MONTALTO DORA;1670;1780;3450
4239;MONTALTO LIGURE;178;186;364
4240;MONTALTO PAVESE;453;471;924
4241;MONTALTO UFFUGO;8941;9227;18168
4242;MONTANARO;2622;2753;5375
4243;MONTANASO LOMBARDO;1116;1115;2231
4244;MONTANERA;371;362;733
4245;MONTANO ANTILIA;1099;1134;2233
4246;MONTANO LUCINO;2330;2445;4775
4247;MONTAPPONE;854;895;1749
4248;MONTAQUILA;1244;1207;2451
4249;MONTASOLA;216;187;403
4250;MONTAURO;745;838;1583
4251;MONTAZZOLI;513;519;1032
4252;MONTE ARGENTARIO;6064;6492;12556
4253;MONTE CASTELLO DI VIBIO;788;832;1620
4254;MONTE CAVALLO;80;69;149
4255;MONTE CERIGNONE;330;348;678
4256;MONTE COLOMBO;1664;1691;3355
4257;MONTE COMPATRI;5561;5673;11234
4258;MONTE CREMASCO;1149;1207;2356
4259;MONTE DI MALO;1457;1430;2887
4260;MONTE DI PROCIDA;6285;6690;12975
4261;MONTE GIBERTO;383;432;815
4262;MONTE GRIMANO TERME;581;585;1166
4263;MONTE ISOLA;883;921;1804
4264;MONTE MARENZO;988;983;1971
4265;MONTE PORZIO;1385;1417;2802
4266;MONTE PORZIO CATONE;4115;4502;8617
4267;MONTE RINALDO;207;190;397
4268;MONTE ROBERTO;1478;1548;3026
4269;MONTE ROMANO;989;1018;2007
4270;MONTE SAN BIAGIO;3014;3130;6144
4271;MONTE SAN GIACOMO;783;847;1630
4272;MONTE SAN GIOVANNI CAMPANO;6446;6436;12882
4273;MONTE SAN GIOVANNI IN SABINA;378;374;752
4274;MONTE SAN GIUSTO;4001;4070;8071
4275;MONTE SAN MARTINO;372;420;792
4276;MONTE SAN PIETRANGELI;1231;1316;2547
4277;MONTE SAN PIETRO;5297;5523;10820
4278;MONTE SAN SAVINO;4241;4502;8743
4279;MONTE SAN VITO;3247;3459;6706
4280;MONTE SANT'ANGELO;6383;6715;13098
4281;MONTE SANTA MARIA TIBERINA;612;604;1216
4282;MONTE URANO;4090;4193;8283
4283;MONTE VIDON COMBATTE;216;243;459
4284;MONTE VIDON CORRADO;379;398;777
4285;MONTEBELLO DELLA BATTAGLIA;841;848;1689
4286;MONTEBELLO DI BERTONA;500;523;1023
4287;MONTEBELLO JONICO;3050;3192;6242
4288;MONTEBELLO SUL SANGRO;40;59;99
4289;MONTEBELLO VICENTINO;3268;3263;6531
4290;MONTEBELLUNA;15008;15757;30765
4291;MONTEBRUNO;124;93;217
4292;MONTEBUONO;470;447;917
4293;MONTECALVO IN FOGLIA;1309;1391;2700
4294;MONTECALVO IRPINO;1860;2047;3907
4295;MONTECALVO VERSIGGIA;265;296;561
4296;MONTECARLO;2190;2264;4454
4297;MONTECAROTTO;999;1081;2080
4298;MONTECASSIANO;3532;3653;7185
4299;MONTECASTELLO;160;164;324
4300;MONTECASTRILLI;2540;2650;5190
4301;MONTECATINI VAL DI CECINA;909;911;1820
4302;MONTECATINI-TERME;8949;10725;19674
4303;MONTECCHIA DI CROSARA;2317;2145;4462
4304;MONTECCHIO;851;872;1723
4305;MONTECCHIO EMILIA;4907;5294;10201
4306;MONTECCHIO MAGGIORE;11706;11609;23315
4307;MONTECCHIO PRECALCINO;2492;2496;4988
4308;MONTECHIARO D'ACQUI;284;284;568
4309;MONTECHIARO D'ASTI;664;716;1380
4310;MONTECHIARUGOLO;5204;5278;10482
4311;MONTECICCARDO;849;837;1686
4312;MONTECILFONE;693;730;1423
4313;MONTECOPIOLO;590;585;1175
4314;MONTECORICE;1306;1239;2545
4315;MONTECORVINO PUGLIANO;5015;5004;10019
4316;MONTECORVINO ROVELLA;6275;6278;12553
4317;MONTECOSARO;3381;3537;6918
4318;MONTECRESTESE;633;622;1255
4319;MONTECRETO;510;490;1000
4320;MONTEDINOVE;263;242;505
4321;MONTEDORO;750;893;1643
4322;MONTEFALCIONE;1674;1768;3442
4323;MONTEFALCO;2780;2911;5691
4324;MONTEFALCONE APPENNINO;227;218;445
4325;MONTEFALCONE DI VAL FORTORE;764;886;1650
4326;MONTEFALCONE NEL SANNIO;825;825;1650
4327;MONTEFANO;1762;1793;3555
4328;MONTEFELCINO;1347;1379;2726
4329;MONTEFERRANTE;70;71;141
4330;MONTEFIASCONE;6409;6979;13388
4331;MONTEFINO;542;549;1091
4332;MONTEFIORE CONCA;1084;1111;2195
4333;MONTEFIORE DELL'ASO;1060;1120;2180
4334;MONTEFIORINO;1134;1119;2253
4335;MONTEFLAVIO;663;736;1399
4336;MONTEFORTE CILENTO;291;274;565
4337;MONTEFORTE D'ALPONE;4217;4193;8410
4338;MONTEFORTE IRPINO;5481;5397;10878
4339;MONTEFORTINO;609;605;1214
4340;MONTEFRANCO;628;661;1289
4341;MONTEFREDANE;1128;1180;2308
4342;MONTEFUSCO;688;705;1393
4343;MONTEGABBIONE;620;615;1235
4344;MONTEGALDA;1668;1675;3343
4345;MONTEGALDELLA;913;875;1788
4346;MONTEGALLO;282;291;573
4347;MONTEGIOCO;174;152;326
4348;MONTEGIORDANO;962;1026;1988
4349;MONTEGIORGIO;3403;3562;6965
4350;MONTEGRANARO;6527;6626;13153
4351;MONTEGRIDOLFO;508;521;1029
4352;MONTEGRINO VALTRAVAGLIA;699;715;1414
4353;MONTEGROSSO D'ASTI;1102;1162;2264
4354;MONTEGROSSO PIAN LATTE;60;61;121
4355;MONTEGROTTO TERME;5303;5771;11074
4356;MONTEIASI;2698;2824;5522
4357;MONTELABBATE;3405;3314;6719
4358;MONTELANICO;1042;1110;2152
4359;MONTELAPIANO;42;38;80
4360;MONTELEONE D'ORVIETO;735;824;1559
4361;MONTELEONE DI FERMO;224;212;436
4362;MONTELEONE DI PUGLIA;507;560;1067
4363;MONTELEONE DI SPOLETO;330;296;626
4364;MONTELEONE ROCCA DORIA;51;66;117
4365;MONTELEONE SABINO;594;638;1232
4366;MONTELEPRE;3120;3301;6421
4367;MONTELIBRETTI;2497;2716;5213
4368;MONTELLA;3815;4062;7877
4369;MONTELLO;1643;1530;3173
4370;MONTELONGO;191;193;384
4371;MONTELPARO;422;439;861
4372;MONTELUPO ALBESE;257;274;531
4373;MONTELUPO FIORENTINO;6634;7019;13653
4374;MONTELUPONE;1811;1847;3658
4375;MONTEMAGGIORE AL METAURO;1396;1416;2812
4376;MONTEMAGGIORE BELSITO;1712;1854;3566
4377;MONTEMAGNO;538;624;1162
4378;MONTEMALE DI CUNEO;112;106;218
4379;MONTEMARANO;1458;1547;3005
4380;MONTEMARCIANO;4969;5141;10110
4381;MONTEMARZINO;164;177;341
4382;MONTEMESOLA;2003;2085;4088
4383;MONTEMEZZO;138;123;261
4384;MONTEMIGNAIO;279;297;576
4385;MONTEMILETTO;2649;2712;5361
4386;MONTEMILONE;850;875;1725
4387;MONTEMITRO;228;226;454
4388;MONTEMONACO;307;328;635
4389;MONTEMURLO;8840;9068;17908
4390;MONTEMURRO;637;675;1312
4391;MONTENARS;277;281;558
4392;MONTENERO DI BISACCIA;3309;3340;6649
4393;MONTENERO SABINO;152;143;295
4394;MONTENERO VAL COCCHIARA;283;275;558
4395;MONTENERODOMO;368;368;736
4396;MONTEODORISIO;1274;1290;2564
4397;MONTEPAONE;2318;2363;4681
4398;MONTEPARANO;1182;1213;2395
4399;MONTEPRANDONE;6042;6169;12211
4400;MONTEPULCIANO;6838;7399;14237
4401;MONTERADO;1071;1066;2137
4402;MONTERCHI;895;927;1822
4403;MONTEREALE;1374;1438;2812
4404;MONTEREALE VALCELLINA;2171;2346;4517
4405;MONTERENZIO;2926;2927;5853
4406;MONTERIGGIONI;4513;4751;9264
4407;MONTERODUNI;1064;1203;2267
4408;MONTERONI D'ARBIA;4302;4442;8744
4409;MONTERONI DI LECCE;6661;7220;13881
4410;MONTEROSI;1895;1973;3868
4411;MONTEROSSO AL MARE;675;806;1481
4412;MONTEROSSO ALMO;1555;1628;3183
4413;MONTEROSSO CALABRO;875;921;1796
4414;MONTEROSSO GRANA;271;265;536
4415;MONTEROTONDO;19130;20372;39502
4416;MONTEROTONDO MARITTIMO;720;694;1414
4417;MONTERUBBIANO;1140;1211;2351
4418;MONTESANO SALENTINO;1309;1368;2677
4419;MONTESANO SULLA MARCELLANA;3305;3476;6781
4420;MONTESARCHIO;6395;6803;13198
4421;MONTESCAGLIOSO;5053;5049;10102
4422;MONTESCANO;188;195;383
4423;MONTESCHENO;204;210;414
4424;MONTESCUDAIO;971;987;1958
4425;MONTESCUDO;1636;1615;3251
4426;MONTESE;1678;1679;3357
4427;MONTESEGALE;154;153;307
4428;MONTESILVANO;24391;26022;50413
4429;MONTESPERTOLI;6494;6701;13195
4430;MONTEU DA PO;461;440;901
4431;MONTEU ROERO;822;845;1667
4432;MONTEVAGO;1473;1542;3015
4433;MONTEVARCHI;11619;12352;23971
4434;MONTEVECCHIA;1221;1259;2480
4435;MONTEVEGLIO;2609;2673;5282
4436;MONTEVERDE;403;428;831
4437;MONTEVERDI MARITTIMO;402;376;778
4438;MONTEVIALE;1324;1276;2600
4439;MONTEZEMOLO;146;124;270
4440;MONTI;1248;1240;2488
4441;MONTIANO;834;867;1701
4442;MONTICELLI BRUSATI;2223;2178;4401
4443;MONTICELLI D'ONGINA;2633;2795;5428
4444;MONTICELLI PAVESE;358;353;711
4445;MONTICELLO BRIANZA;2054;2163;4217
4446;MONTICELLO CONTE OTTO;4547;4609;9156
4447;MONTICELLO D'ALBA;1084;1132;2216
4448;MONTICHIARI;11856;11878;23734
4449;MONTICIANO;740;765;1505
4450;MONTIERI;558;589;1147
4451;MONTIGLIO MONFERRATO;793;894;1687
4452;MONTIGNOSO;4929;5297;10226
4453;MONTIRONE;2560;2484;5044
4454;MONTJOVET;944;887;1831
4455;MONTODINE;1317;1289;2606
4456;MONTOGGIO;1021;1041;2062
4457;MONTONE;811;852;1663
4458;MONTOPOLI DI SABINA;2109;2113;4222
4459;MONTOPOLI IN VAL D'ARNO;5524;5643;11167
4460;MONTORFANO;1277;1342;2619
4461;MONTORIO AL VOMANO;4053;4148;8201
4462;MONTORIO NEI FRENTANI;230;236;466
4463;MONTORIO ROMANO;1011;1024;2035
4464;MONTORO INFERIORE;5322;5257;10579
4465;MONTORO SUPERIORE;4398;4479;8877
4466;MONTORSO VICENTINO;1621;1558;3179
4467;MONTOTTONE;483;528;1011
4468;MONTRESTA;264;271;535
4469;MONTU' BECCARIA;837;885;1722
4470;MONVALLE;944;1000;1944
4471;MONZA;56998;62858;119856
4472;MONZAMBANO;2428;2409;4837
4473;MONZUNO;3092;3041;6133
4474;MORANO CALABRO;2293;2322;4615
4475;MORANO SUL PO;717;794;1511
4476;MORANSENGO;107;105;212
4477;MORARO;365;402;767
4478;MORAZZONE;2094;2209;4303
4479;MORBEGNO;5672;6114;11786
4480;MORBELLO;208;200;408
4481;MORCIANO DI LEUCA;1594;1822;3416
4482;MORCIANO DI ROMAGNA;3349;3543;6892
4483;MORCONE;2426;2616;5042
4484;MORDANO;2351;2293;4644
4485;MORENGO;1279;1302;2581
4486;MORES;940;1005;1945
4487;MORESCO;291;314;605
4488;MORETTA;2043;2194;4237
4489;MORFASSO;550;555;1105
4490;MORGANO;2210;2152;4362
4491;MORGEX;1004;1065;2069
4492;MORGONGIORI;396;381;777
4493;MORI;4630;4826;9456
4494;MORIAGO DELLA BATTAGLIA;1395;1390;2785
4495;MORICONE;1336;1347;2683
4496;MORIGERATI;348;351;699
4497;MORIMONDO;597;586;1183
4498;MORINO;735;770;1505
4499;MORIONDO TORINESE;410;410;820
4500;MORLUPO;3916;4206;8122
4501;MORMANNO;1576;1688;3264
4502;MORNAGO;2413;2421;4834
4503;MORNESE;358;368;726
4504;MORNICO AL SERIO;1453;1437;2890
4505;MORNICO LOSANA;364;357;721
4506;MOROLO;1640;1627;3267
4507;MOROZZO;1084;1031;2115
4508;MORRA DE SANCTIS;631;678;1309
4509;MORRO D'ALBA;973;1004;1977
4510;MORRO D'ORO;1768;1860;3628
4511;MORRO REATINO;168;188;356
4512;MORRONE DEL SANNIO;327;321;648
4513;MORROVALLE;5144;5143;10287
4514;MORSANO AL TAGLIAMENTO;1382;1483;2865
4515;MORSASCO;359;353;712
4516;MORTARA;7136;8020;15156
4517;MORTEGLIANO;2427;2618;5045
4518;MORTERONE;17;17;34
4519;MORUZZO;1166;1225;2391
4520;MOSCAZZANO;417;405;822
4521;MOSCHIANO;833;834;1667
4522;MOSCIANO SANT'ANGELO;4593;4658;9251
4523;MOSCUFO;1620;1644;3264
4524;MOSO IN PASSIRIA/MOOS IN PASSEIER;1144;1027;2171
4525;MOSSA;796;863;1659
4526;MOSSANO;836;940;1776
4527;MOSSO;772;871;1643
4528;MOTTA BALUFFI;486;494;980
4529;MOTTA CAMASTRA;447;435;882
4530;MOTTA D'AFFERMO;403;425;828
4531;MOTTA DE' CONTI;397;407;804
4532;MOTTA DI LIVENZA;5176;5505;10681
4533;MOTTA MONTECORVINO;370;398;768
4534;MOTTA SAN GIOVANNI;2995;3127;6122
4535;MOTTA SANT'ANASTASIA;5557;5837;11394
4536;MOTTA SANTA LUCIA;432;439;871
4537;MOTTA VISCONTI;3736;3865;7601
4538;MOTTAFOLLONE;633;641;1274
4539;MOTTALCIATA;691;740;1431
4540;MOTTEGGIANA;1279;1237;2516
4541;MOTTOLA;7897;8344;16241
4542;MOZZAGROGNA;1124;1167;2291
4543;MOZZANICA;2313;2261;4574
4544;MOZZATE;4016;4192;8208
4545;MOZZECANE;3572;3433;7005
4546;MOZZO;3642;3818;7460
4547;MUCCIA;440;489;929
4548;MUGGIA;6298;6724;13022
4549;MUGGIO';11357;11851;23208
4550;MUGNANO DEL CARDINALE;2653;2659;5312
4551;MUGNANO DI NAPOLI;16799;17705;34504
4552;MULAZZANO;2835;2898;5733
4553;MULAZZO;1265;1301;2566
4554;MURA;397;393;790
4555;MURAVERA;2573;2589;5162
4556;MURAZZANO;413;427;840
4557;MURELLO;484;478;962
4558;MURIALDO;419;419;838
4559;MURISENGO;707;743;1450
4560;MURLO;1200;1188;2388
4561;MURO LECCESE;2432;2659;5091
4562;MURO LUCANO;2723;2845;5568
4563;MUROS;422;415;837
4564;MUSCOLINE;1293;1254;2547
4565;MUSEI;786;736;1522
4566;MUSILE DI PIAVE;5734;5784;11518
4567;MUSSO;512;507;1019
4568;MUSSOLENTE;3863;3790;7653
4569;MUSSOMELI;5311;5699;11010
4570;MUZZANA DEL TURGNANO;1280;1361;2641
4571;MUZZANO;290;324;614
4572;NAGO-TORBOLE;1331;1397;2728
4573;NALLES/NALS;899;932;1831
4574;NANNO;301;307;608
4575;NANTO;1581;1501;3082
4576;NAPOLI;456097;505906;962003
4577;NARBOLIA;906;895;1801
4578;NARCAO;1680;1693;3373
4579;NARDO';15076;16612;31688
4580;NARDODIPACE;720;664;1384
4581;NARNI;9567;10487;20054
4582;NARO;3811;4292;8103
4583;NARZOLE;1755;1777;3532
4584;NASINO;112;110;222
4585;NASO;1888;2127;4015
4586;NATURNO/NATURNS;2817;2737;5554
4587;NAVE;5392;5565;10957
4588;NAVE SAN ROCCO;682;709;1391
4589;NAVELLI;293;257;550
4590;NAZ-SCIAVES/NATZ-SCHABS;1457;1429;2886
4591;NAZZANO;680;681;1361
4592;NE;1180;1181;2361
4593;NEBBIUNO;911;945;1856
4594;NEGRAR DI VALPOLICELLA;8414;8521;16935
4595;NEIRONE;524;460;984
4596;NEIVE;1608;1733;3341
4597;NEMBRO;5668;5874;11542
4598;NEMI;945;980;1925
4599;NEMOLI;728;784;1512
4600;NEONELI;354;359;713
4601;NEPI;4645;4708;9353
4602;NERETO;2484;2591;5075
4603;NEROLA;909;912;1821
4604;NERVESA DELLA BATTAGLIA;3399;3455;6854
4605;NERVIANO;8300;8789;17089
4606;NESPOLO;151;123;274
4607;NESSO;603;638;1241
4608;NETRO;508;507;1015
4609;NETTUNO;21966;23494;45460
4610;NEVIANO;2621;2893;5514
4611;NEVIANO DEGLI ARDUINI;1829;1862;3691
4612;NEVIGLIE;206;219;425
4613;NIARDO;960;990;1950
4614;NIBBIANO;1139;1124;2263
4615;NIBBIOLA;383;409;792
4616;NIBIONNO;1782;1848;3630
4617;NICHELINO;23276;24575;47851
4618;NICOLOSI;3539;3617;7156
4619;NICORVO;189;175;364
4620;NICOSIA;6957;7315;14272
4621;NICOTERA;3288;3202;6490
4622;NIELLA BELBO;199;202;401
4623;NIELLA TANARO;509;526;1035
4624;NIMIS;1369;1409;2778
4625;NISCEMI;13810;14165;27975
4626;NISSORIA;1496;1473;2969
4627;NIZZA DI SICILIA;1795;1928;3723
4628;NIZZA MONFERRATO;4981;5391;10372
4629;NOALE;7629;8079;15708
4630;NOASCA;87;82;169
4631;NOCARA;214;208;422
4632;NOCCIANO;910;890;1800
4633;NOCERA INFERIORE;22578;23985;46563
4634;NOCERA SUPERIORE;11941;12210;24151
4635;NOCERA TERINESE;2290;2435;4725
4636;NOCERA UMBRA;2890;3063;5953
4637;NOCETO;6223;6482;12705
4638;NOCI;9377;9908;19285
4639;NOCIGLIA;1148;1308;2456
4640;NOEPOLI;447;527;974
4641;NOGARA;4178;4396;8574
4642;NOGAREDO;986;931;1917
4643;NOGAROLE ROCCA;1787;1668;3455
4644;NOGAROLE VICENTINO;593;543;1136
4645;NOICATTARO;12789;12921;25710
4646;NOLA;16332;17647;33979
4647;NOLE;3387;3523;6910
4648;NOLI;1332;1469;2801
4649;NOMAGLIO;155;157;312
4650;NOMI;666;737;1403
4651;NONANTOLA;7394;7785;15179
4652;NONE;3981;4017;7998
4653;NONIO;425;453;878
4654;NORAGUGUME;163;175;338
4655;NORBELLO;608;570;1178
4656;NORCIA;2383;2532;4915
4657;NORMA;1951;2084;4035
4658;NOSATE;338;351;689
4659;NOTARESCO;3399;3464;6863
4660;NOTO;11670;12034;23704
4661;NOVA LEVANTE/WELSCHNOFEN;977;926;1903
4662;NOVA MILANESE;10942;11373;22315
4663;NOVA PONENTE/DEUTSCHNOFEN;1962;1936;3898
4664;NOVA SIRI;3231;3365;6596
4665;NOVAFELTRIA;3573;3709;7282
4666;NOVALEDO;485;533;1018
4667;NOVALESA;271;289;560
4668;NOVARA;48456;53496;101952
4669;NOVARA DI SICILIA;677;736;1413
4670;NOVATE MEZZOLA;890;924;1814
4671;NOVATE MILANESE;9554;10384;19938
4672;NOVE;2494;2575;5069
4673;NOVEDRATE;1447;1426;2873
4674;NOVELLARA;6580;6875;13455
4675;NOVELLO;518;505;1023
4676;NOVENTA DI PIAVE;3341;3502;6843
4677;NOVENTA PADOVANA;5339;5542;10881
4678;NOVENTA VICENTINA;4348;4462;8810
4679;NOVI DI MODENA;5457;5515;10972
4680;NOVI LIGURE;13086;14596;27682
4681;NOVI VELIA;1173;1125;2298
4682;NOVIGLIO;2134;2103;4237
4683;NOVOLI;3838;4373;8211
4684;NUCETTO;221;211;432
4685;NUGHEDU SAN NICOLO';434;440;874
4686;NUGHEDU SANTA VITTORIA;236;272;508
4687;NULE;713;714;1427
4688;NULVI;1420;1431;2851
4689;NUMANA;1861;1855;3716
4690;NUORO;17436;19238;36674
4691;NURACHI;871;919;1790
4692;NURAGUS;457;485;942
4693;NURALLAO;686;671;1357
4694;NURAMINIS;1303;1303;2606
4695;NURECI;170;178;348
4696;NURRI;1150;1083;2233
4697;NUS;1446;1497;2943
4698;NUSCO;2055;2203;4258
4699;NUVOLENTO;1964;2047;4011
4700;NUVOLERA;2266;2269;4535
4701;NUXIS;806;825;1631
4702;OCCHIEPPO INFERIORE;1863;2117;3980
4703;OCCHIEPPO SUPERIORE;1340;1481;2821
4704;OCCHIOBELLO;5573;5778;11351
4705;OCCIMIANO;664;703;1367
4706;OCRE;558;552;1110
4707;ODALENGO GRANDE;240;247;487
4708;ODALENGO PICCOLO;138;132;270
4709;ODERZO;9611;10457;20068
4710;ODOLO;1016;1070;2086
4711;OFENA;252;275;527
4712;OFFAGNA;927;953;1880
4713;OFFANENGO;2907;2962;5869
4714;OFFIDA;2527;2688;5215
4715;OFFLAGA;2166;2103;4269
4716;OGGEBBIO;430;451;881
4717;OGGIONA CON SANTO STEFANO;2134;2161;4295
4718;OGGIONO;4315;4435;8750
4719;OGLIANICO;701;725;1426
4720;OGLIASTRO CILENTO;1095;1146;2241
4721;OLBIA;26118;27189;53307
4722;OLCENENGO;370;384;754
4723;OLDENICO;129;123;252
4724;OLEGGIO;6656;6994;13650
4725;OLEGGIO CASTELLO;972;996;1968
4726;OLEVANO DI LOMELLINA;388;395;783
4727;OLEVANO ROMANO;3314;3428;6742
4728;OLEVANO SUL TUSCIANO;3378;3505;6883
4729;OLGIATE COMASCO;5539;5862;11401
4730;OLGIATE MOLGORA;3057;3133;6190
4731;OLGIATE OLONA;5967;6248;12215
4732;OLGINATE;3513;3589;7102
4733;OLIENA;3611;3744;7355
4734;OLIVA GESSI;83;90;173
4735;OLIVADI;278;309;587
4736;OLIVERI;1045;1112;2157
4737;OLIVETO CITRA;1881;1951;3832
4738;OLIVETO LARIO;596;596;1192
4739;OLIVETO LUCANO;239;255;494
4740;OLIVETTA SAN MICHELE;116;109;225
4741;OLIVOLA;63;60;123
4742;OLLASTRA;612;643;1255
4743;OLLOLAI;669;704;1373
4744;OLLOMONT;83;75;158
4745;OLMEDO;2005;1996;4001
4746;OLMENETA;464;503;967
4747;OLMO AL BREMBO;260;258;518
4748;OLMO GENTILE;48;42;90
4749;OLTRE IL COLLE;541;517;1058
4750;OLTRESSENDA ALTA;90;84;174
4751;OLTRONA DI SAN MAMETTE;1122;1167;2289
4752;OLZAI;450;453;903
4753;OME;1543;1695;3238
4754;OMEGNA;7569;8175;15744
4755;OMIGNANO;785;794;1579
4756;ONANI';213;217;430
4757;ONANO;499;518;1017
4758;ONCINO;50;32;82
4759;ONETA;330;322;652
4760;ONIFAI;370;372;742
4761;ONIFERI;459;466;925
4762;ONO SAN PIETRO;489;513;1002
4763;ONORE;417;429;846
4764;ONZO;110;124;234
4765;OPERA;6350;6876;13226
4766;OPI;212;216;428
4767;OPPEANO;4715;4712;9427
4768;OPPIDO LUCANO;1906;1954;3860
4769;OPPIDO MAMERTINA;2633;2773;5406
4770;ORA/AUER;1725;1829;3554
4771;ORANI;1507;1500;3007
4772;ORATINO;783;777;1560
4773;ORBASSANO;10939;11598;22537
4774;ORBETELLO;6944;7761;14705
4775;ORCIANO DI PESARO;1058;1099;2157
4776;ORCIANO PISANO;328;307;635
4777;ORCO FEGLINO;439;456;895
4778;ORDONA;1337;1317;2654
4779;ORERO;307;297;604
4780;ORGIANO;1575;1576;3151
4781;ORGOSOLO;2223;2124;4347
4782;ORIA;7339;7889;15228
4783;ORICOLA;588;567;1155
4784;ORIGGIO;3628;3788;7416
4785;ORINO;422;418;840
4786;ORIO AL SERIO;843;890;1733
4787;ORIO CANAVESE;419;410;829
4788;ORIO LITTA;983;1040;2023
4789;ORIOLO;1128;1258;2386
4790;ORIOLO ROMANO;1815;1833;3648
4791;ORISTANO;14718;16437;31155
4792;ORMEA;862;861;1723
4793;ORMELLE;2192;2272;4464
4794;ORNAGO;2305;2397;4702
4795;ORNAVASSO;1652;1755;3407
4796;ORNICA;86;86;172
4797;OROSEI;3389;3405;6794
4798;OROTELLI;1064;1088;2152
4799;ORRIA;564;597;1161
4800;ORROLI;1213;1184;2397
4801;ORSAGO;1937;1980;3917
4802;ORSARA BORMIDA;203;203;406
4803;ORSARA DI PUGLIA;1426;1488;2914
4804;ORSENIGO;1369;1388;2757
4805;ORSOGNA;1918;2090;4008
4806;ORSOMARSO;672;666;1338
4807;ORTA DI ATELLA;12445;12351;24796
4808;ORTA NOVA;8392;8607;16999
4809;ORTA SAN GIULIO;478;685;1163
4810;ORTACESUS;478;455;933
4811;ORTE;4174;4491;8665
4812;ORTELLE;1120;1239;2359
4813;ORTEZZANO;375;416;791
4814;ORTIGNANO RAGGIOLO;440;438;878
4815;ORTISEI/ST. ULRICH;2285;2368;4653
4816;ORTONA;11332;12093;23425
4817;ORTONA DEI MARSI;269;323;592
4818;ORTOVERO;787;796;1583
4819;ORTUCCHIO;924;939;1863
4820;ORTUERI;649;613;1262
4821;ORUNE;1255;1306;2561
4822;ORVIETO;9986;11078;21064
4823;ORVINIO;237;211;448
4824;ORZINUOVI;6164;6179;12343
4825;ORZIVECCHI;1270;1215;2485
4826;OSASCO;528;596;1124
4827;OSASIO;476;437;913
4828;OSCHIRI;1722;1714;3436
4829;OSIDDA;113;117;230
4830;OSIGLIA;234;235;469
4831;OSILO;1578;1626;3204
4832;OSIMO;16609;17382;33991
4833;OSINI;416;395;811
4834;OSIO SOPRA;2524;2555;5079
4835;OSIO SOTTO;6077;6003;12080
4836;OSMATE;373;399;772
4837;OSNAGO;2364;2443;4807
4838;OSOPPO;1480;1526;3006
4839;OSPEDALETTI;1598;1788;3386
4840;OSPEDALETTO;411;409;820
4841;OSPEDALETTO D'ALPINOLO;960;1010;1970
4842;OSPEDALETTO EUGANEO;2922;2954;5876
4843;OSPEDALETTO LODIGIANO;934;919;1853
4844;OSPITALE DI CADORE;159;167;326
4845;OSPITALETTO;6868;6711;13579
4846;OSSAGO LODIGIANO;695;717;1412
4847;OSSANA;403;441;844
4848;OSSI;2893;2983;5876
4849;OSSIMO;717;725;1442
4850;OSSONA;2097;2037;4134
4851;OSSUCCIO;478;495;973
4852;OSTANA;47;34;81
4853;OSTELLATO;3134;3319;6453
4854;OSTIANO;1493;1527;3020
4855;OSTIGLIA;3343;3597;6940
4856;OSTRA;3284;3459;6743
4857;OSTRA VETERE;1697;1774;3471
4858;OSTUNI;15097;16763;31860
4859;OTRANTO;2672;2950;5622
4860;OTRICOLI;942;973;1915
4861;OTTANA;1187;1197;2384
4862;OTTATI;331;349;680
4863;OTTAVIANO;11484;12059;23543
4864;OTTIGLIO;334;338;672
4865;OTTOBIANO;560;621;1181
4866;OTTONE;296;274;570
4867;OULX;1613;1547;3160
4868;OVADA;5519;6166;11685
4869;OVARO;994;1016;2010
4870;OVIGLIO;644;675;1319
4871;OVINDOLI;611;579;1190
4872;OVODDA;839;788;1627
4873;OYACE;125;100;225
4874;OZEGNA;607;628;1235
4875;OZIERI;5370;5511;10881
4876;OZZANO DELL'EMILIA;6301;6569;12870
4877;OZZANO MONFERRATO;713;793;1506
4878;OZZERO;701;766;1467
4879;PABILLONIS;1486;1462;2948
4880;PACE DEL MELA;3128;3260;6388
4881;PACECO;5553;5934;11487
4882;PACENTRO;596;615;1211
4883;PACHINO;10999;11069;22068
4884;PACIANO;479;503;982
4885;PADENGHE SUL GARDA;2051;2225;4276
4886;PADERGNONE;365;367;732
4887;PADERNA;110;121;231
4888;PADERNO D'ADDA;1933;1948;3881
4889;PADERNO DEL GRAPPA;1090;1079;2169
4890;PADERNO DUGNANO;22570;23992;46562
4891;PADERNO FRANCIACORTA;1848;1851;3699
4892;PADERNO PONCHIELLI;693;787;1480
4893;PADOVA;96201;109991;206192
4894;PADRIA;347;348;695
4895;PADRU;1089;1041;2130
4896;PADULA;2571;2708;5279
4897;PADULI;1992;2093;4085
4898;PAESANA;1389;1479;2868
4899;PAESE;10574;10858;21432
4900;PAGANI;16764;17907;34671
4901;PAGANICO SABINO;85;87;172
4902;PAGAZZANO;1072;1010;2082
4903;PAGLIARA;580;650;1230
4904;PAGLIETA;2177;2289;4466
4905;PAGNACCO;2483;2561;5044
4906;PAGNO;287;285;572
4907;PAGNONA;198;204;402
4908;PAGO DEL VALLO DI LAURO;885;966;1851
4909;PAGO VEIANO;1251;1294;2545
4910;PAISCO LOVENO;99;99;198
4911;PAITONE;1056;1035;2091
4912;PALADINA;2002;1994;3996
4913;PALAGANO;1135;1219;2354
4914;PALAGIANELLO;3829;4025;7854
4915;PALAGIANO;7939;8113;16052
4916;PALAGONIA;8081;8459;16540
4917;PALAIA;2190;2382;4572
4918;PALANZANO;575;590;1165
4919;PALATA;853;916;1769
4920;PALAU;1884;1888;3772
4921;PALAZZAGO;2171;2122;4293
4922;PALAZZO ADRIANO;1050;1177;2227
4923;PALAZZO CANAVESE;408;435;843
4924;PALAZZO PIGNANO;1970;1878;3848
4925;PALAZZO SAN GERVASIO;2480;2547;5027
4926;PALAZZOLO ACREIDE;4354;4737;9091
4927;PALAZZOLO DELLO STELLA;1469;1539;3008
4928;PALAZZOLO SULL'OGLIO;9636;9836;19472
4929;PALAZZOLO VERCELLESE;640;652;1292
4930;PALAZZUOLO SUL SENIO;596;592;1188
4931;PALENA;689;723;1412
4932;PALERMITI;614;661;1275
4933;PALERMO;313171;344390;657561
4934;PALESTRINA;10051;10447;20498
4935;PALESTRO;910;975;1885
4936;PALIANO;4012;4134;8146
4937;PALIZZI;1111;1186;2297
4938;PALLAGORIO;663;674;1337
4939;PALLANZENO;582;594;1176
4940;PALLARE;473;484;957
4941;PALMA CAMPANIA;7322;7583;14905
4942;PALMA DI MONTECHIARO;11202;12441;23643
4943;PALMANOVA;2612;2797;5409
4944;PALMARIGGI;763;791;1554
4945;PALMAS ARBOREA;743;739;1482
4946;PALMI;9082;9639;18721
4947;PALMIANO;102;112;214
4948;PALMOLI;479;501;980
4949;PALO DEL COLLE;10665;10890;21555
4950;PALOMBARA SABINA;6027;6140;12167
4951;PALOMBARO;543;565;1108
4952;PALOMONTE;2036;2013;4049
4953;PALOSCO;2879;2894;5773
4954;PALU';644;640;1284
4955;PALU' DEL FERSINA;88;81;169
4956;PALUDI;557;577;1134
4957;PALUZZA;1141;1231;2372
4958;PAMPARATO;171;158;329
4959;PANCALIERI;963;1022;1985
4960;PANCARANA;161;155;316
4961;PANCHIA';372;399;771
4962;PANDINO;4375;4510;8885
4963;PANETTIERI;164;181;345
4964;PANICALE;2790;2944;5734
4965;PANNARANO;1065;1017;2082
4966;PANNI;401;457;858
4967;PANTELLERIA;3708;3785;7493
4968;PANTIGLIATE;2864;2977;5841
4969;PAOLA;7935;8481;16416
4970;PAOLISI;982;1001;1983
4971;PAPASIDERO;413;395;808
4972;PAPOZZE;769;876;1645
4973;PARABIAGO;12963;13654;26617
4974;PARABITA;4443;4880;9323
4975;PARATICO;2241;2223;4464
4976;PARCINES/PARTSCHINS;1739;1797;3536
4977;PARE';863;885;1748
4978;PARELLA;213;255;468
4979;PARENTI;1128;1121;2249
4980;PARETE;5466;5546;11012
4981;PARETO;320;282;602
4982;PARGHELIA;635;668;1303
4983;PARLASCO;75;66;141
4984;PARMA;82469;93426;175895
4985;PARODI LIGURE;360;350;710
4986;PAROLDO;114;114;228
4987;PAROLISE;334;352;686
4988;PARONA;996;991;1987
4989;PARRANO;282;308;590
4990;PARRE;1390;1417;2807
4991;PARTANNA;5205;5649;10854
4992;PARTINICO;15327;16074;31401
4993;PARUZZARO;1035;1053;2088
4994;PARZANICA;186;187;373
4995;PASIAN DI PRATO;4504;4871;9375
4996;PASIANO DI PORDENONE;3936;3907;7843
4997;PASPARDO;337;309;646
4998;PASSERANO MARMORITO;218;225;443
4999;PASSIGNANO SUL TRASIMENO;2670;2852;5522
5000;PASSIRANO;3481;3633;7114
5001;PASTENA;762;766;1528
5002;PASTORANO;1429;1491;2920
5003;PASTRENGO;1432;1461;2893
5004;PASTURANA;596;660;1256
5005;PASTURO;977;984;1961
5006;PATERNO;1663;1760;3423
5007;PATERNO CALABRO;708;658;1366
5008;PATERNO';23357;24513;47870
5009;PATERNOPOLI;1197;1292;2489
5010;PATRICA;1554;1530;3084
5011;PATTADA;1643;1610;3253
5012;PATTI;6418;6907;13325
5013;PATU';804;917;1721
5014;PAU;148;152;300
5015;PAULARO;1324;1413;2737
5016;PAULI ARBAREI;334;317;651
5017;PAULILATINO;1175;1172;2347
5018;PAULLO;5385;5629;11014
5019;PAUPISI;774;786;1560
5020;PAVAROLO;548;571;1119
5021;PAVIA;31419;36861;68280
5022;PAVIA DI UDINE;2827;2871;5698
5023;PAVONE CANAVESE;1902;1988;3890
5024;PAVONE DEL MELLA;1433;1405;2838
5025;PAVULLO NEL FRIGNANO;8401;8797;17198
5026;PAZZANO;321;319;640
5027;PECCIOLI;2398;2541;4939
5028;PECCO;101;108;209
5029;PECETTO DI VALENZA;615;618;1233
5030;PECETTO TORINESE;1882;1995;3877
5031;PECORARA;418;392;810
5032;PEDACE;999;999;1998
5033;PEDARA;6410;6486;12896
5034;PEDASO;1354;1417;2771
5035;PEDAVENA;2181;2248;4429
5036;PEDEMONTE;359;409;768
5037;PEDEROBBA;3734;3839;7573
5038;PEDESINA;14;16;30
5039;PEDIVIGLIANO;419;459;878
5040;PEDRENGO;2922;2877;5799
5041;PEGLIO;89;96;185
5042;PEGLIO;360;375;735
5043;PEGOGNAGA;3564;3680;7244
5044;PEIA;938;926;1864
5045;PEIO;980;911;1891
5046;PELAGO;3636;3873;7509
5047;PELLA;486;552;1038
5048;PELLEGRINO PARMENSE;536;530;1066
5049;PELLEZZANO;5169;5411;10580
5050;PELLIO INTELVI;494;510;1004
5051;PELLIZZANO;398;413;811
5052;PELUGO;177;202;379
5053;PENANGO;259;257;516
5054;PENNA IN TEVERINA;504;552;1056
5055;PENNA SAN GIOVANNI;545;609;1154
5056;PENNA SANT'ANDREA;842;886;1728
5057;PENNABILLI;1486;1531;3017
5058;PENNADOMO;151;160;311
5059;PENNAPIEDIMONTE;246;269;515
5060;PENNE;6210;6507;12717
5061;PENTONE;1072;1143;2215
5062;PERANO;810;854;1664
5063;PERAROLO DI CADORE;189;194;383
5064;PERCA/PERCHA;731;729;1460
5065;PERCILE;138;139;277
5066;PERDASDEFOGU;1029;1013;2042
5067;PERDAXIUS;751;724;1475
5068;PERDIFUMO;861;907;1768
5069;PEREGO;873;892;1765
5070;PERETO;378;361;739
5071;PERFUGAS;1196;1219;2415
5072;PERGINE VALDARNO;1552;1666;3218
5073;PERGINE VALSUGANA;9950;10496;20446
5074;PERGOLA;3121;3434;6555
5075;PERINALDO;450;462;912
5076;PERITO;501;506;1007
5077;PERLEDO;482;543;1025
5078;PERLETTO;159;146;305
5079;PERLO;67;59;126
5080;PERLOZ;223;230;453
5081;PERNUMIA;1932;1983;3915
5082;PERO;4947;5344;10291
5083;PEROSA ARGENTINA;1588;1817;3405
5084;PEROSA CANAVESE;274;282;556
5085;PERRERO;385;338;723
5086;PERSICO DOSIMO;1669;1703;3372
5087;PERTENGO;158;163;321
5088;PERTICA ALTA;308;291;599
5089;PERTICA BASSA;340;346;686
5090;PERTOSA;346;359;705
5091;PERTUSIO;382;391;773
5092;PERUGIA;76898;85551;162449
5093;PESARO;44866;49371;94237
5094;PESCAGLIA;1804;1841;3645
5095;PESCANTINA;8096;8230;16326
5096;PESCARA;54812;62354;117166
5097;PESCAROLO ED UNITI;801;807;1608
5098;PESCASSEROLI;1083;1144;2227
5099;PESCATE;1078;1110;2188
5100;PESCHE;799;778;1577
5101;PESCHICI;2108;2089;4197
5102;PESCHIERA BORROMEO;10833;11421;22254
5103;PESCHIERA DEL GARDA;4520;5078;9598
5104;PESCIA;9426;10009;19435
5105;PESCINA;2070;2194;4264
5106;PESCO SANNITA;972;1109;2081
5107;PESCOCOSTANZO;570;591;1161
5108;PESCOLANCIANO;430;448;878
5109;PESCOPAGANO;979;1043;2022
5110;PESCOPENNATARO;147;153;300
5111;PESCOROCCHIANO;1103;1108;2211
5112;PESCOSANSONESCO;245;272;517
5113;PESCOSOLIDO;757;795;1552
5114;PESSANO CON BORNAGO;4473;4591;9064
5115;PESSINA CREMONESE;348;325;673
5116;PESSINETTO;302;305;607
5117;PETACCIATO;1801;1837;3638
5118;PETILIA POLICASTRO;4624;4643;9267
5119;PETINA;596;618;1214
5120;PETRALIA SOPRANA;1682;1761;3443
5121;PETRALIA SOTTANA;1378;1597;2975
5122;PETRELLA SALTO;609;603;1212
5123;PETRELLA TIFERNINA;561;645;1206
5124;PETRIANO;1423;1391;2814
5125;PETRIOLO;975;1002;1977
5126;PETRITOLI;1181;1259;2440
5127;PETRIZZI;572;595;1167
5128;PETRONA';1293;1392;2685
5129;PETROSINO;3862;3898;7760
5130;PETRURO IRPINO;169;172;341
5131;PETTENASCO;689;679;1368
5132;PETTINENGO;744;780;1524
5133;PETTINEO;681;752;1433
5134;PETTORANELLO DEL MOLISE;237;222;459
5135;PETTORANO SUL GIZIO;682;681;1363
5136;PETTORAZZA GRIMANI;852;817;1669
5137;PEVERAGNO;2718;2763;5481
5138;PEZZANA;647;699;1346
5139;PEZZAZE;818;768;1586
5140;PEZZOLO VALLE UZZONE;172;182;354
5141;PIACENZA;47302;53009;100311
5142;PIACENZA D'ADIGE;689;690;1379
5143;PIADENA;1730;1850;3580
5144;PIAGGE;494;524;1018
5145;PIAGGINE;697;750;1447
5146;PIAN CAMUNO;2216;2184;4400
5147;PIAN DI SCO';3208;3244;6452
5148;PIANA CRIXIA;433;424;857
5149;PIANA DEGLI ALBANESI;2867;3143;6010
5150;PIANA DI MONTE VERNA;1146;1236;2382
5151;PIANCASTAGNAIO;2017;2159;4176
5152;PIANCOGNO;2382;2297;4679
5153;PIANDIMELETO;1066;1080;2146
5154;PIANE CRATI;686;728;1414
5155;PIANELLA;4130;4307;8437
5156;PIANELLO DEL LARIO;493;548;1041
5157;PIANELLO VAL TIDONE;1127;1163;2290
5158;PIANENGO;1286;1275;2561
5159;PIANEZZA;6929;7240;14169
5160;PIANEZZE;1019;1041;2060
5161;PIANFEI;1111;1111;2222
5162;PIANICO;761;751;1512
5163;PIANIGA;5971;5997;11968
5164;PIANO DI SORRENTO;6318;6673;12991
5165;PIANOPOLI;1269;1290;2559
5166;PIANORO;8228;8662;16890
5167;PIANSANO;1099;1048;2147
5168;PIANTEDO;650;671;1321
5169;PIARIO;540;569;1109
5170;PIASCO;1380;1441;2821
5171;PIATEDA;1122;1187;2309
5172;PIATTO;276;271;547
5173;PIAZZA AL SERCHIO;1194;1264;2458
5174;PIAZZA ARMERINA;10680;11516;22196
5175;PIAZZA BREMBANA;607;628;1235
5176;PIAZZATORRE;218;219;437
5177;PIAZZOLA SUL BRENTA;5455;5675;11130
5178;PIAZZOLO;44;40;84
5179;PICCIANO;655;683;1338
5180;PICERNO;3067;3013;6080
5181;PICINISCO;613;642;1255
5182;PICO;1475;1529;3004
5183;PIEA;307;305;612
5184;PIEDICAVALLO;106;97;203
5185;PIEDIMONTE ETNEO;2038;2041;4079
5186;PIEDIMONTE MATESE;5560;5944;11504
5187;PIEDIMONTE SAN GERMANO;2975;3061;6036
5188;PIEDIMULERA;773;786;1559
5189;PIEGARO;1821;1978;3799
5190;PIENZA;1035;1106;2141
5191;PIERANICA;573;579;1152
5192;PIETRA DE' GIORGI;472;443;915
5193;PIETRA LIGURE;4087;4793;8880
5194;PIETRA MARAZZI;432;468;900
5195;PIETRABBONDANTE;412;414;826
5196;PIETRABRUNA;276;265;541
5197;PIETRACAMELA;174;130;304
5198;PIETRACATELLA;667;766;1433
5199;PIETRACUPA;109;119;228
5200;PIETRADEFUSI;1120;1255;2375
5201;PIETRAFERRAZZANA;67;61;128
5202;PIETRAFITTA;679;698;1377
5203;PIETRAGALLA;2078;2189;4267
5204;PIETRALUNGA;1080;1102;2182
5205;PIETRAMELARA;2254;2403;4657
5206;PIETRAMONTECORVINO;1305;1440;2745
5207;PIETRANICO;236;273;509
5208;PIETRAPAOLA;568;605;1173
5209;PIETRAPERTOSA;538;570;1108
5210;PIETRAPERZIA;3375;3852;7227
5211;PIETRAPORZIO;50;41;91
5212;PIETRAROJA;279;308;587
5213;PIETRARUBBIA;340;349;689
5214;PIETRASANTA;11375;12804;24179
5215;PIETRASTORNINA;777;791;1568
5216;PIETRAVAIRANO;1462;1556;3018
5217;PIETRELCINA;1537;1544;3081
5218;PIEVE A NIEVOLE;4570;4890;9460
5219;PIEVE ALBIGNOLA;443;473;916
5220;PIEVE D'ALPAGO;929;995;1924
5221;PIEVE D'OLMI;620;675;1295
5222;PIEVE DEL CAIRO;1019;1089;2108
5223;PIEVE DI BONO;659;672;1331
5224;PIEVE DI CADORE;1895;2061;3956
5225;PIEVE DI CENTO;3378;3517;6895
5226;PIEVE DI CORIANO;510;531;1041
5227;PIEVE DI SOLIGO;5941;6116;12057
5228;PIEVE DI TECO;682;718;1400
5229;PIEVE EMANUELE;7332;7536;14868
5230;PIEVE FISSIRAGA;798;806;1604
5231;PIEVE FOSCIANA;1203;1215;2418
5232;PIEVE LIGURE;1255;1327;2582
5233;PIEVE PORTO MORONE;1394;1394;2788
5234;PIEVE SAN GIACOMO;805;819;1624
5235;PIEVE SANTO STEFANO;1574;1616;3190
5236;PIEVE TESINO;330;351;681
5237;PIEVE TORINA;728;755;1483
5238;PIEVE VERGONTE;1286;1358;2644
5239;PIEVEBOVIGLIANA;423;421;844
5240;PIEVEPELAGO;1107;1134;2241
5241;PIGLIO;2302;2355;4657
5242;PIGNA;429;465;894
5243;PIGNATARO INTERAMNA;1258;1300;2558
5244;PIGNATARO MAGGIORE;3018;3212;6230
5245;PIGNOLA;3313;3386;6699
5246;PIGNONE;295;304;599
5247;PIGRA;132;134;266
5248;PILA;76;61;137
5249;PIMENTEL;611;582;1193
5250;PIMONTE;3005;2995;6000
5251;PINAROLO PO;830;872;1702
5252;PINASCA;1462;1587;3049
5253;PINCARA;622;640;1262
5254;PINEROLO;16418;18436;34854
5255;PINETO;7059;7572;14631
5256;PINO D'ASTI;109;112;221
5257;PINO SULLA SPONDA DEL LAGO MAGGIORE;112;98;210
5258;PINO TORINESE;4026;4455;8481
5259;PINZANO AL TAGLIAMENTO;749;818;1567
5260;PINZOLO;1519;1598;3117
5261;PIOBBICO;1048;1061;2109
5262;PIOBESI D'ALBA;626;622;1248
5263;PIOBESI TORINESE;1816;1897;3713
5264;PIODE;94;99;193
5265;PIOLTELLO;17494;17572;35066
5266;PIOMBINO;16429;17990;34419
5267;PIOMBINO DESE;4644;4632;9276
5268;PIORACO;586;664;1250
5269;PIOSSASCO;8947;9239;18186
5270;PIOVA' MASSAIA;331;349;680
5271;PIOVE DI SACCO;9192;9875;19067
5272;PIOVENE ROCCHETTE;4063;4232;8295
5273;PIOVERA;406;424;830
5274;PIOZZANO;348;294;642
5275;PIOZZO;479;528;1007
5276;PIRAINO;1923;2041;3964
5277;PISA;40180;45678;85858
5278;PISANO;364;406;770
5279;PISCINA;1677;1773;3450
5280;PISCINAS;416;456;872
5281;PISCIOTTA;1340;1408;2748
5282;PISOGNE;4044;4068;8112
5283;PISONIANO;402;401;803
5284;PISTICCI;8492;8869;17361
5285;PISTOIA;42298;46803;89101
5286;PITEGLIO;843;954;1797
5287;PITIGLIANO;1856;2014;3870
5288;PIUBEGA;882;886;1768
5289;PIURO;967;983;1950
5290;PIVERONE;664;714;1378
5291;PIZZALE;354;368;722
5292;PIZZIGHETTONE;3234;3469;6703
5293;PIZZO;4383;4502;8885
5294;PIZZOFERRATO;558;569;1127
5295;PIZZOLI;1905;1868;3773
5296;PIZZONE;173;162;335
5297;PIZZONI;595;638;1233
5298;PLACANICA;607;643;1250
5299;PLATACI;421;409;830
5300;PLATANIA;1096;1136;2232
5301;PLATI';1845;1866;3711
5302;PLAUS/PLAUS;367;325;692
5303;PLESIO;419;423;842
5304;PLOAGHE;2308;2345;4653
5305;PLODIO;324;324;648
5306;POCAPAGLIA;1647;1683;3330
5307;POCENIA;1294;1301;2595
5308;PODENZANA;1065;1077;2142
5309;PODENZANO;4452;4538;8990
5310;POFI;2129;2174;4303
5311;POGGIARDO;2880;3239;6119
5312;POGGIBONSI;13975;14977;28952
5313;POGGIO A CAIANO;4671;4955;9626
5314;POGGIO BERNI;1655;1710;3365
5315;POGGIO BUSTONE;1028;1102;2130
5316;POGGIO CATINO;650;685;1335
5317;POGGIO IMPERIALE;1389;1430;2819
5318;POGGIO MIRTETO;2914;3081;5995
5319;POGGIO MOIANO;1370;1428;2798
5320;POGGIO NATIVO;1244;1212;2456
5321;POGGIO PICENZE;522;546;1068
5322;POGGIO RENATICO;4723;4951;9674
5323;POGGIO RUSCO;3187;3334;6521
5324;POGGIO SAN LORENZO;292;288;580
5325;POGGIO SAN MARCELLO;361;370;731
5326;POGGIO SAN VICINO;147;150;297
5327;POGGIO SANNITA;358;406;764
5328;POGGIODOMO;68;67;135
5329;POGGIOFIORITO;456;487;943
5330;POGGIOMARINO;10498;10708;21206
5331;POGGIOREALE;770;764;1534
5332;POGGIORSINI;711;707;1418
5333;POGGIRIDENTI;930;935;1865
5334;POGLIANO MILANESE;4009;4132;8141
5335;POGNANA LARIO;369;395;764
5336;POGNANO;818;763;1581
5337;POGNO;769;769;1538
5338;POIRINO;5094;5126;10220
5339;POJANA MAGGIORE;2240;2219;4459
5340;POLAVENO;1350;1311;2661
5341;POLCENIGO;1518;1658;3176
5342;POLESELLA;2000;2079;4079
5343;POLESINE PARMENSE;747;760;1507
5344;POLI;1195;1238;2433
5345;POLIA;511;537;1048
5346;POLICORO;7780;8196;15976
5347;POLIGNANO A MARE;8506;9061;17567
5348;POLINAGO;884;858;1742
5349;POLINO;131;115;246
5350;POLISTENA;5260;5482;10742
5351;POLIZZI GENEROSA;1739;1868;3607
5352;POLLA;2541;2786;5327
5353;POLLEIN;767;764;1531
5354;POLLENA TROCCHIA;6536;6978;13514
5355;POLLENZA;3226;3357;6583
5356;POLLICA;1132;1261;2393
5357;POLLINA;1483;1515;2998
5358;POLLONE;1034;1119;2153
5359;POLLUTRI;1105;1201;2306
5360;POLONGHERA;584;609;1193
5361;POLPENAZZE DEL GARDA;1211;1257;2468
5362;POLVERARA;1545;1559;3104
5363;POLVERIGI;2168;2159;4327
5364;POMARANCE;2851;2994;5845
5365;POMARETTO;506;562;1068
5366;POMARICO;2099;2139;4238
5367;POMARO MONFERRATO;197;193;390
5368;POMAROLO;1206;1149;2355
5369;POMBIA;1077;1105;2182
5370;POMEZIA;27777;28595;56372
5371;POMIGLIANO D'ARCO;19262;20821;40083
5372;POMPEI;12117;13323;25440
5373;POMPEIANA;398;411;809
5374;POMPIANO;1964;1929;3893
5375;POMPONESCO;867;896;1763
5376;POMPU;139;139;278
5377;PONCARALE;2609;2610;5219
5378;PONDERANO;1914;2013;3927
5379;PONNA;126;141;267
5380;PONSACCO;7438;7799;15237
5381;PONSO;1246;1203;2449
5382;PONT-CANAVESE;1767;1909;3676
5383;PONT-SAINT-MARTIN;1952;2053;4005
5384;PONTASSIEVE;9922;10607;20529
5385;PONTBOSET;97;98;195
5386;PONTE;1272;1389;2661
5387;PONTE BUGGIANESE;4223;4548;8771
5388;PONTE DELL'OLIO;2396;2540;4936
5389;PONTE DI LEGNO;855;899;1754
5390;PONTE DI PIAVE;4230;4082;8312
5391;PONTE GARDENA/WAIDBRUCK;101;94;195
5392;PONTE IN VALTELLINA;1123;1181;2304
5393;PONTE LAMBRO;2108;2237;4345
5394;PONTE NELLE ALPI;4115;4272;8387
5395;PONTE NIZZA;409;402;811
5396;PONTE NOSSA;917;996;1913
5397;PONTE SAN NICOLO';6447;6790;13237
5398;PONTE SAN PIETRO;5491;5782;11273
5399;PONTEBBA;724;779;1503
5400;PONTECAGNANO FAIANO;12240;12856;25096
5401;PONTECCHIO POLESINE;1042;1036;2078
5402;PONTECHIANALE;91;91;182
5403;PONTECORVO;6389;6834;13223
5404;PONTECURONE;1856;1994;3850
5405;PONTEDASSIO;1189;1167;2356
5406;PONTEDERA;13598;14463;28061
5407;PONTELANDOLFO;1111;1177;2288
5408;PONTELATONE;865;893;1758
5409;PONTELONGO;1915;1987;3902
5410;PONTENURE;3119;3254;6373
5411;PONTERANICA;3349;3439;6788
5412;PONTESTURA;742;766;1508
5413;PONTEVICO;3318;3803;7121
5414;PONTEY;405;413;818
5415;PONTI;295;323;618
5416;PONTI SUL MINCIO;1110;1162;2272
5417;PONTIDA;1616;1594;3210
5418;PONTINIA;6821;6991;13812
5419;PONTINVREA;422;424;846
5420;PONTIROLO NUOVO;2539;2454;4993
5421;PONTOGLIO;3453;3441;6894
5422;PONTREMOLI;3556;4077;7633
5423;PONZA;1677;1578;3255
5424;PONZANO DI FERMO;857;851;1708
5425;PONZANO MONFERRATO;179;201;380
5426;PONZANO ROMANO;590;568;1158
5427;PONZANO VENETO;5960;6234;12194
5428;PONZONE;546;525;1071
5429;POPOLI;2652;2798;5450
5430;POPPI;3072;3124;6196
5431;PORANO;940;1049;1989
5432;PORCARI;4244;4360;8604
5433;PORCIA;7452;7799;15251
5434;PORDENONE;23897;26686;50583
5435;PORLEZZA;2244;2417;4661
5436;PORNASSIO;301;283;584
5437;PORPETTO;1314;1336;2650
5438;PORRETTA TERME;2246;2489;4735
5439;PORTACOMARO;957;1019;1976
5440;PORTALBERA;763;788;1551
5441;PORTE;558;555;1113
5442;PORTICI;26093;29672;55765
5443;PORTICO DI CASERTA;3820;3899;7719
5444;PORTICO E SAN BENEDETTO;380;389;769
5445;PORTIGLIOLA;580;625;1205
5446;PORTO AZZURRO;2036;1790;3826
5447;PORTO CERESIO;1440;1561;3001
5448;PORTO CESAREO;2676;2772;5448
5449;PORTO EMPEDOCLE;8239;8602;16841
5450;PORTO MANTOVANO;7773;8145;15918
5451;PORTO RECANATI;5797;5698;11495
5452;PORTO SAN GIORGIO;7405;8552;15957
5453;PORTO SANT'ELPIDIO;12301;13023;25324
5454;PORTO TOLLE;4986;5072;10058
5455;PORTO TORRES;11053;11338;22391
5456;PORTO VALTRAVAGLIA;1112;1236;2348
5457;PORTO VIRO;7101;7544;14645
5458;PORTOBUFFOLE';393;397;790
5459;PORTOCANNONE;1249;1300;2549
5460;PORTOFERRAIO;5536;6105;11641
5461;PORTOFINO;225;228;453
5462;PORTOGRUARO;11991;13149;25140
5463;PORTOMAGGIORE;5820;6365;12185
5464;PORTOPALO DI CAPO PASSERO;1874;1875;3749
5465;PORTOSCUSO;2576;2660;5236
5466;PORTOVENERE;1809;1893;3702
5467;PORTULA;661;704;1365
5468;POSADA;1384;1353;2737
5469;POSINA;279;298;577
5470;POSITANO;1905;1953;3858
5471;POSSAGNO;1104;1091;2195
5472;POSTA;356;330;686
5473;POSTA FIBRENO;593;624;1217
5474;POSTAL/BURGSTALL;862;901;1763
5475;POSTALESIO;328;331;659
5476;POSTIGLIONE;1089;1109;2198
5477;POSTUA;300;294;594
5478;POTENZA;32119;34658;66777
5479;POTENZA PICENA;7705;8138;15843
5480;POVE DEL GRAPPA;1513;1580;3093
5481;POVEGLIANO;2550;2502;5052
5482;POVEGLIANO VERONESE;3463;3601;7064
5483;POVIGLIO;3462;3583;7045
5484;POVOLETTO;2718;2854;5572
5485;POZZA DI FASSA;1047;1091;2138
5486;POZZAGLIA SABINA;175;186;361
5487;POZZAGLIO ED UNITI;757;714;1471
5488;POZZALLO;9355;9574;18929
5489;POZZILLI;1118;1157;2275
5490;POZZO D'ADDA;2867;2800;5667
5491;POZZOL GROPPO;183;182;365
5492;POZZOLENGO;1717;1721;3438
5493;POZZOLEONE;1436;1357;2793
5494;POZZOLO FORMIGARO;2390;2520;4910
5495;POZZOMAGGIORE;1340;1377;2717
5496;POZZONOVO;1785;1868;3653
5497;POZZUOLI;38992;41365;80357
5498;POZZUOLO DEL FRIULI;3344;3536;6880
5499;POZZUOLO MARTESANA;3868;4115;7983
5500;PRADALUNGA;2296;2340;4636
5501;PRADAMANO;1686;1850;3536
5502;PRADLEVES;140;132;272
5503;PRAGELATO;362;362;724
5504;PRAIA A MARE;3082;3414;6496
5505;PRAIANO;1043;1044;2087
5506;PRALBOINO;1476;1436;2912
5507;PRALI;149;123;272
5508;PRALORMO;960;985;1945
5509;PRALUNGO;1298;1341;2639
5510;PRAMAGGIORE;2335;2305;4640
5511;PRAMOLLO;135;107;242
5512;PRAROLO;327;345;672
5513;PRAROSTINO;632;657;1289
5514;PRASCO;272;280;552
5515;PRASCORSANO;397;384;781
5516;PRASO;170;164;334
5517;PRATA CAMPORTACCIO;1476;1445;2921
5518;PRATA D'ANSIDONIA;248;253;501
5519;PRATA DI PORDENONE;4244;4207;8451
5520;PRATA DI PRINCIPATO ULTRA;1457;1521;2978
5521;PRATA SANNITA;751;820;1571
5522;PRATELLA;767;848;1615
5523;PRATIGLIONE;268;280;548
5524;PRATO;89446;96010;185456
5525;PRATO ALLO STELVIO/PRAD AM STILFSER JOCH;1706;1650;3356
5526;PRATO CARNICO;465;462;927
5527;PRATO SESIA;988;1005;1993
5528;PRATOLA PELIGNA;3841;3999;7840
5529;PRATOLA SERRA;1850;1858;3708
5530;PRATOVECCHIO;1509;1598;3107
5531;PRAVISDOMINI;1741;1730;3471
5532;PRAY;1073;1234;2307
5533;PRAZZO;83;92;175
5534;PRE'-SAINT-DIDIER;521;491;1012
5535;PRECENICCO;708;776;1484
5536;PRECI;381;376;757
5537;PREDAPPIO;3228;3291;6519
5538;PREDAZZO;2199;2332;4531
5539;PREDOI/PRETTAU;310;294;604
5540;PREDORE;897;962;1859
5541;PREDOSA;1033;1059;2092
5542;PREGANZIOL;8249;8523;16772
5543;PREGNANA MILANESE;3414;3453;6867
5544;PRELA';251;249;500
5545;PREMANA;1167;1121;2288
5546;PREMARIACCO;2086;2101;4187
5547;PREMENO;363;383;746
5548;PREMIA;287;290;577
5549;PREMILCUORE;403;400;803
5550;PREMOLO;598;573;1171
5551;PREMOSELLO-CHIOVENDA;993;1041;2034
5552;PREONE;127;139;266
5553;PREORE;189;201;390
5554;PREPOTTO;418;391;809
5555;PRESEGLIE;809;768;1577
5556;PRESENZANO;882;865;1747
5557;PRESEZZO;2427;2507;4934
5558;PRESICCE;2653;2936;5589
5559;PRESSANA;1305;1259;2564
5560;PRESTINE;195;189;384
5561;PRETORO;477;512;989
5562;PREVALLE;3453;3363;6816
5563;PREZZA;474;541;1015
5564;PREZZO;106;104;210
5565;PRIERO;240;247;487
5566;PRIGNANO CILENTO;494;503;997
5567;PRIGNANO SULLA SECCHIA;1892;1881;3773
5568;PRIMALUNA;1098;1089;2187
5569;PRIOCCA;969;1032;2001
5570;PRIOLA;361;358;719
5571;PRIOLO GARGALLO;6092;6075;12167
5572;PRIVERNO;6709;7182;13891
5573;PRIZZI;2431;2624;5055
5574;PROCENO;301;304;605
5575;PROCIDA;5018;5210;10228
5576;PROPATA;92;69;161
5577;PROSERPIO;443;449;892
5578;PROSSEDI;621;612;1233
5579;PROVAGLIO D'ISEO;3555;3581;7136
5580;PROVAGLIO VAL SABBIA;500;466;966
5581;PROVES/PROVEIS;149;118;267
5582;PROVVIDENTI;68;54;122
5583;PRUNETTO;233;238;471
5584;PUEGNAGO DEL GARDA;1609;1654;3263
5585;PUGLIANELLO;684;696;1380
5586;PULA;3596;3545;7141
5587;PULFERO;516;517;1033
5588;PULSANO;5471;5591;11062
5589;PUMENENGO;849;846;1695
5590;PUOS D'ALPAGO;1252;1290;2542
5591;PUSIANO;655;672;1327
5592;PUTIFIGARI;375;382;757
5593;PUTIGNANO;13198;13885;27083
5594;QUADRELLE;936;957;1893
5595;QUADRI;418;445;863
5596;QUAGLIUZZO;165;166;331
5597;QUALIANO;12098;12646;24744
5598;QUARANTI;94;90;184
5599;QUAREGNA;671;719;1390
5600;QUARGNENTO;681;716;1397
5601;QUARNA SOPRA;129;160;289
5602;QUARNA SOTTO;203;217;420
5603;QUARONA;2026;2220;4246
5604;QUARRATA;12356;13022;25378
5605;QUART;1956;1916;3872
5606;QUARTO;19139;20082;39221
5607;QUARTO D'ALTINO;3984;4215;8199
5608;QUARTU SANT'ELENA;33696;35600;69296
5609;QUARTUCCIU;6294;6531;12825
5610;QUASSOLO;161;198;359
5611;QUATTORDIO;813;855;1668
5612;QUATTRO CASTELLA;6305;6604;12909
5613;QUERO;1238;1273;2511
5614;QUILIANO;3526;3810;7336
5615;QUINCINETTO;525;523;1048
5616;QUINDICI;887;898;1785
5617;QUINGENTOLE;576;618;1194
5618;QUINTANO;463;447;910
5619;QUINTO DI TREVISO;4779;4966;9745
5620;QUINTO VERCELLESE;192;208;400
5621;QUINTO VICENTINO;2827;2867;5694
5622;QUINZANO D'OGLIO;3204;3186;6390
5623;QUISTELLO;2740;2982;5722
5624;QUITTENGO;105;109;214
5625;RABBI;726;674;1400
5626;RACALE;5190;5544;10734
5627;RACALMUTO;3963;4382;8345
5628;RACCONIGI;4933;5095;10028
5629;RACCUJA;525;614;1139
5630;RACINES/RATSCHINGS;2262;2127;4389
5631;RADDA IN CHIANTI;812;881;1693
5632;RADDUSA;1586;1694;3280
5633;RADICOFANI;575;576;1151
5634;RADICONDOLI;458;473;931
5635;RAFFADALI;6125;6712;12837
5636;RAGALNA;1866;1810;3676
5637;RAGOGNA;1484;1539;3023
5638;RAGOLI;377;383;760
5639;RAGUSA;33469;36325;69794
5640;RAIANO;1346;1466;2812
5641;RAMACCA;5381;5394;10775
5642;RAMISETO;660;630;1290
5643;RAMPONIO VERNA;216;195;411
5644;RANCIO VALCUVIA;474;461;935
5645;RANCO;633;693;1326
5646;RANDAZZO;5282;5826;11108
5647;RANICA;2902;3084;5986
5648;RANZANICO;622;639;1261
5649;RANZO;278;278;556
5650;RAPAGNANO;994;1050;2044
5651;RAPALLO;13547;15679;29226
5652;RAPINO;660;696;1356
5653;RAPOLANO TERME;2502;2627;5129
5654;RAPOLLA;2187;2243;4430
5655;RAPONE;468;545;1013
5656;RASSA;32;34;66
5657;RASUN ANTERSELVA/RASEN-ANTHOLZ;1472;1397;2869
5658;RASURA;154;138;292
5659;RAVANUSA;5879;6249;12128
5660;RAVARINO;3056;3109;6165
5661;RAVASCLETTO;281;279;560
5662;RAVELLO;1212;1250;2462
5663;RAVENNA;73891;79849;153740
5664;RAVEO;239;269;508
5665;RAVISCANINA;676;700;1376
5666;RE;362;395;757
5667;REA;191;241;432
5668;REALMONTE;2184;2303;4487
5669;REANA DEL ROJALE;2425;2607;5032
5670;REANO;824;865;1689
5671;RECALE;3754;3857;7611
5672;RECANATI;10241;11175;21416
5673;RECCO;4687;5419;10106
5674;RECETTO;468;448;916
5675;RECOARO TERME;3317;3447;6764
5676;REDAVALLE;520;536;1056
5677;REDONDESCO;661;674;1335
5678;REFRANCORE;797;872;1669
5679;REFRONTOLO;907;917;1824
5680;REGALBUTO;3637;3751;7388
5681;REGGELLO;7906;8170;16076
5682;REGGIO DI CALABRIA;86585;94232;180817
5683;REGGIO NELL'EMILIA;77857;84225;162082
5684;REGGIOLO;4591;4626;9217
5685;REINO;618;644;1262
5686;REITANO;412;417;829
5687;REMANZACCO;2994;3072;6066
5688;REMEDELLO;1688;1699;3387
5689;RENATE;2066;2111;4177
5690;RENDE;16378;17177;33555
5691;RENON/RITTEN;3808;3834;7642
5692;RESANA;4696;4594;9290
5693;RESCALDINA;6862;7058;13920
5694;RESIA;563;528;1091
5695;RESIUTTA;151;164;315
5696;RESUTTANO;1032;1107;2139
5697;RETORBIDO;715;791;1506
5698;REVELLO;2092;2111;4203
5699;REVERE;1221;1324;2545
5700;REVIGLIASCO D'ASTI;414;419;833
5701;REVINE LAGO;1096;1145;2241
5702;REVO';624;641;1265
5703;REZZAGO;164;153;317
5704;REZZATO;6310;6623;12933
5705;REZZO;190;181;371
5706;REZZOAGLIO;536;544;1080
5707;RHEMES-NOTRE-DAME;69;45;114
5708;RHEMES-SAINT-GEORGES;97;99;196
5709;RHO;24147;25905;50052
5710;RIACE;864;929;1793
5711;RIALTO;277;287;564
5712;RIANO;4718;4818;9536
5713;RIARDO;1178;1234;2412
5714;RIBERA;9300;10002;19302
5715;RIBORDONE;30;37;67
5716;RICADI;2332;2418;4750
5717;RICALDONE;355;320;675
5718;RICCIA;2639;2764;5403
5719;RICCIONE;16379;18157;34536
5720;RICCO' DEL GOLFO DI SPEZIA;1734;1803;3537
5721;RICENGO;911;859;1770
5722;RICIGLIANO;578;629;1207
5723;RIESE PIO X;5446;5412;10858
5724;RIESI;5583;6231;11814
5725;RIETI;21843;24344;46187
5726;RIFIANO/RIFFIAN;665;668;1333
5727;RIFREDDO;544;528;1072
5728;RIGNANO FLAMINIO;4679;4894;9573
5729;RIGNANO GARGANICO;1047;1153;2200
5730;RIGNANO SULL'ARNO;4194;4406;8600
5731;RIGOLATO;255;247;502
5732;RIMA SAN GIUSEPPE;36;31;67
5733;RIMASCO;70;53;123
5734;RIMELLA;82;55;137
5735;RIMINI;66341;73260;139601
5736;RIO DI PUSTERIA/MUHLBACH;1482;1430;2912
5737;RIO MARINA;1050;1185;2235
5738;RIO NELL'ELBA;594;576;1170
5739;RIO SALICETO;3065;3027;6092
5740;RIOFREDDO;373;389;762
5741;RIOLA SARDO;1088;1058;2146
5742;RIOLO TERME;2836;2941;5777
5743;RIOLUNATO;390;369;759
5744;RIOMAGGIORE;795;874;1669
5745;RIONERO IN VULTURE;6591;6853;13444
5746;RIONERO SANNITICO;576;553;1129
5747;RIPA TEATINA;2128;2060;4188
5748;RIPABOTTONI;262;282;544
5749;RIPACANDIDA;828;905;1733
5750;RIPALIMOSANI;1493;1479;2972
5751;RIPALTA ARPINA;521;534;1055
5752;RIPALTA CREMASCA;1701;1693;3394
5753;RIPALTA GUERINA;281;254;535
5754;RIPARBELLA;807;824;1631
5755;RIPATRANSONE;2114;2227;4341
5756;RIPE;2161;2240;4401
5757;RIPE SAN GINESIO;419;441;860
5758;RIPI;2608;2738;5346
5759;RIPOSTO;6941;7240;14181
5760;RITTANA;63;72;135
5761;RIVA DEL GARDA;7611;8227;15838
5762;RIVA DI SOLTO;463;399;862
5763;RIVA LIGURE;1369;1492;2861
5764;RIVA PRESSO CHIERI;2078;2129;4207
5765;RIVA VALDOBBIA;129;122;251
5766;RIVALBA;568;591;1159
5767;RIVALTA BORMIDA;695;722;1417
5768;RIVALTA DI TORINO;9544;9701;19245
5769;RIVAMONTE AGORDINO;342;324;666
5770;RIVANAZZANO TERME;2440;2746;5186
5771;RIVARA;1306;1360;2666
5772;RIVAROLO CANAVESE;5917;6439;12356
5773;RIVAROLO DEL RE ED UNITI;1060;1017;2077
5774;RIVAROLO MANTOVANO;1265;1343;2608
5775;RIVARONE;176;187;363
5776;RIVAROSSA;827;799;1626
5777;RIVE;222;247;469
5778;RIVE D'ARCANO;1213;1266;2479
5779;RIVELLO;1372;1471;2843
5780;RIVERGARO;3346;3507;6853
5781;RIVIGNANO;2185;2264;4449
5782;RIVISONDOLI;344;319;663
5783;RIVODUTRI;661;636;1297
5784;RIVOLI;23318;25314;48632
5785;RIVOLI VERONESE;1057;1070;2127
5786;RIVOLTA D'ADDA;3820;4098;7918
5787;RIZZICONI;3855;3951;7806
5788;RO;1612;1736;3348
5789;ROANA;2161;2156;4317
5790;ROASCHIA;75;63;138
5791;ROASCIO;45;38;83
5792;ROASIO;1202;1263;2465
5793;ROATTO;190;184;374
5794;ROBASSOMERO;1440;1536;2976
5795;ROBBIATE;3030;3071;6101
5796;ROBBIO;2930;3234;6164
5797;ROBECCHETTO CON INDUNO;2430;2439;4869
5798;ROBECCO D'OGLIO;1137;1301;2438
5799;ROBECCO PAVESE;288;281;569
5800;ROBECCO SUL NAVIGLIO;3408;3434;6842
5801;ROBELLA;254;250;504
5802;ROBILANTE;1203;1221;2424
5803;ROBURENT;259;254;513
5804;ROCCA CANAVESE;873;881;1754
5805;ROCCA CANTERANO;112;95;207
5806;ROCCA CIGLIE';70;84;154
5807;ROCCA D'ARAZZO;470;474;944
5808;ROCCA D'ARCE;472;499;971
5809;ROCCA D'EVANDRO;1637;1729;3366
5810;ROCCA DE' BALDI;864;834;1698
5811;ROCCA DE' GIORGI;43;36;79
5812;ROCCA DI BOTTE;433;397;830
5813;ROCCA DI CAMBIO;264;240;504
5814;ROCCA DI CAVE;200;196;396
5815;ROCCA DI MEZZO;720;748;1468
5816;ROCCA DI NETO;2761;2833;5594
5817;ROCCA DI PAPA;7732;7844;15576
5818;ROCCA GRIMALDA;762;733;1495
5819;ROCCA IMPERIALE;1628;1664;3292
5820;ROCCA MASSIMA;541;553;1094
5821;ROCCA PIA;76;91;167
5822;ROCCA PIETORE;645;677;1322
5823;ROCCA PRIORA;5378;5441;10819
5824;ROCCA SAN CASCIANO;960;1040;2000
5825;ROCCA SAN FELICE;429;440;869
5826;ROCCA SAN GIOVANNI;1180;1168;2348
5827;ROCCA SANTA MARIA;297;272;569
5828;ROCCA SANTO STEFANO;531;497;1028
5829;ROCCA SINIBALDA;438;415;853
5830;ROCCA SUSELLA;113;121;234
5831;ROCCABASCERANA;1177;1189;2366
5832;ROCCABERNARDA;1720;1747;3467
5833;ROCCABIANCA;1510;1559;3069
5834;ROCCABRUNA;775;814;1589
5835;ROCCACASALE;363;361;724
5836;ROCCADASPIDE;3538;3816;7354
5837;ROCCAFIORITA;102;126;228
5838;ROCCAFLUVIONE;1033;1028;2061
5839;ROCCAFORTE DEL GRECO;258;292;550
5840;ROCCAFORTE LIGURE;91;63;154
5841;ROCCAFORTE MONDOVI';1113;1035;2148
5842;ROCCAFORZATA;892;931;1823
5843;ROCCAFRANCA;2434;2333;4767
5844;ROCCAGIOVINE;132;148;280
5845;ROCCAGLORIOSA;841;875;1716
5846;ROCCAGORGA;2242;2310;4552
5847;ROCCALBEGNA;554;545;1099
5848;ROCCALUMERA;1936;2169;4105
5849;ROCCAMANDOLFI;481;506;987
5850;ROCCAMENA;753;809;1562
5851;ROCCAMONFINA;1763;1863;3626
5852;ROCCAMONTEPIANO;894;898;1792
5853;ROCCAMORICE;481;508;989
5854;ROCCANOVA;793;851;1644
5855;ROCCANTICA;295;310;605
5856;ROCCAPALUMBA;1263;1371;2634
5857;ROCCAPIEMONTE;4467;4657;9124
5858;ROCCARAINOLA;3488;3676;7164
5859;ROCCARASO;824;812;1636
5860;ROCCAROMANA;408;470;878
5861;ROCCASCALEGNA;635;650;1285
5862;ROCCASECCA;3714;3822;7536
5863;ROCCASECCA DEI VOLSCI;557;569;1126
5864;ROCCASICURA;266;293;559
5865;ROCCASPARVERA;370;367;737
5866;ROCCASPINALVETI;689;745;1434
5867;ROCCASTRADA;4555;4823;9378
5868;ROCCAVALDINA;559;590;1149
5869;ROCCAVERANO;230;217;447
5870;ROCCAVIGNALE;359;387;746
5871;ROCCAVIONE;1425;1451;2876
5872;ROCCAVIVARA;400;440;840
5873;ROCCELLA IONICA;3045;3389;6434
5874;ROCCELLA VALDEMONE;346;365;711
5875;ROCCHETTA A VOLTURNO;525;539;1064
5876;ROCCHETTA BELBO;93;88;181
5877;ROCCHETTA DI VARA;402;383;785
5878;ROCCHETTA E CROCE;223;240;463
5879;ROCCHETTA LIGURE;107;103;210
5880;ROCCHETTA NERVINA;135;137;272
5881;ROCCHETTA PALAFEA;173;174;347
5882;ROCCHETTA SANT'ANTONIO;944;1010;1954
5883;ROCCHETTA TANARO;699;738;1437
5884;RODANO;2270;2256;4526
5885;RODDI;768;778;1546
5886;RODDINO;198;179;377
5887;RODELLO;501;503;1004
5888;RODENGO SAIANO;4322;4473;8795
5889;RODENGO/RODENECK;611;584;1195
5890;RODERO;596;614;1210
5891;RODI GARGANICO;1774;1889;3663
5892;RODI' MILICI;1029;1101;2130
5893;RODIGO;2626;2734;5360
5894;ROE' VOLCIANO;2183;2282;4465
5895;ROFRANO;851;804;1655
5896;ROGENO;1621;1576;3197
5897;ROGGIANO GRAVINA;3519;3709;7228
5898;ROGHUDI;608;564;1172
5899;ROGLIANO;2806;2891;5697
5900;ROGNANO;316;303;619
5901;ROGNO;1922;1966;3888
5902;ROGOLO;285;279;564
5903;ROIATE;368;381;749
5904;ROIO DEL SANGRO;45;58;103
5905;ROISAN;520;522;1042
5906;ROLETTO;992;997;1989
5907;ROLO;2027;2011;4038
5908;ROMA;1229345;1387830;2617175
5909;ROMAGNANO AL MONTE;177;214;391
5910;ROMAGNANO SESIA;1922;2127;4049
5911;ROMAGNESE;381;363;744
5912;ROMALLO;302;302;604
5913;ROMANA;274;304;578
5914;ROMANENGO;1489;1532;3021
5915;ROMANO CANAVESE;1426;1511;2937
5916;ROMANO D'EZZELINO;7210;7274;14484
5917;ROMANO DI LOMBARDIA;9403;9381;18784
5918;ROMANS D'ISONZO;1790;1912;3702
5919;ROMBIOLO;2335;2314;4649
5920;ROMENO;685;689;1374
5921;ROMENTINO;2631;2748;5379
5922;ROMETTA;3235;3306;6541
5923;RONAGO;878;876;1754
5924;RONCA';1872;1854;3726
5925;RONCADE;6940;7097;14037
5926;RONCADELLE;4586;4679;9265
5927;RONCARO;700;685;1385
5928;RONCEGNO TERME;1369;1445;2814
5929;RONCELLO;1972;1953;3925
5930;RONCHI DEI LEGIONARI;5767;6193;11960
5931;RONCHI VALSUGANA;210;211;421
5932;RONCHIS;995;1059;2054
5933;RONCIGLIONE;4030;4278;8308
5934;RONCO ALL'ADIGE;3123;3056;6179
5935;RONCO BIELLESE;768;746;1514
5936;RONCO BRIANTINO;1694;1695;3389
5937;RONCO CANAVESE;157;156;313
5938;RONCO SCRIVIA;2228;2330;4558
5939;RONCOBELLO;214;215;429
5940;RONCOFERRARO;3499;3702;7201
5941;RONCOFREDDO;1717;1678;3395
5942;RONCOLA;368;371;739
5943;RONCONE;723;720;1443
5944;RONDANINA;42;27;69
5945;RONDISSONE;939;895;1834
5946;RONSECCO;274;306;580
5947;RONZO-CHIENIS;522;479;1001
5948;RONZONE;196;195;391
5949;ROPPOLO;437;484;921
5950;RORA';133;122;255
5951;ROSA';6907;7164;14071
5952;ROSARNO;7094;7286;14380
5953;ROSASCO;329;309;638
5954;ROSATE;2645;2750;5395
5955;ROSAZZA;45;42;87
5956;ROSCIANO;1784;1879;3663
5957;ROSCIGNO;394;433;827
5958;ROSE;2154;2162;4316
5959;ROSELLO;110;143;253
5960;ROSETO CAPO SPULICO;921;952;1873
5961;ROSETO DEGLI ABRUZZI;12146;12794;24940
5962;ROSETO VALFORTORE;540;609;1149
5963;ROSIGNANO MARITTIMO;15138;16614;31752
5964;ROSIGNANO MONFERRATO;798;843;1641
5965;ROSOLINA;3227;3254;6481
5966;ROSOLINI;10592;10934;21526
5967;ROSORA;959;1029;1988
5968;ROSSA;105;89;194
5969;ROSSANA;459;450;909
5970;ROSSANO;17965;18382;36347
5971;ROSSANO VENETO;3936;3986;7922
5972;ROSSIGLIONE;1402;1530;2932
5973;ROSTA;2275;2346;4621
5974;ROTA D'IMAGNA;462;464;926
5975;ROTA GRECA;596;582;1178
5976;ROTELLA;452;484;936
5977;ROTELLO;582;637;1219
5978;ROTONDA;1751;1768;3519
5979;ROTONDELLA;1326;1381;2707
5980;ROTONDI;1762;1818;3580
5981;ROTTOFRENO;5698;5943;11641
5982;ROTZO;310;328;638
5983;ROURE;431;457;888
5984;ROVAGNATE;1450;1461;2911
5985;ROVASENDA;478;501;979
5986;ROVATO;8859;8703;17562
5987;ROVEGNO;292;276;568
5988;ROVELLASCA;3670;3895;7565
5989;ROVELLO PORRO;2960;3075;6035
5990;ROVERBELLA;4208;4292;8500
5991;ROVERCHIARA;1404;1336;2740
5992;ROVERE' DELLA LUNA;773;800;1573
5993;ROVERE' VERONESE;1087;1040;2127
5994;ROVEREDO DI GUA';742;799;1541
5995;ROVEREDO IN PIANO;2808;2971;5779
5996;ROVERETO;17852;19902;37754
5997;ROVESCALA;464;453;917
5998;ROVETTA;1954;1999;3953
5999;ROVIANO;652;740;1392
6000;ROVIGO;23752;26412;50164
6001;ROVITO;1527;1551;3078
6002;ROVOLON;2391;2386;4777
6003;ROZZANO;19307;20676;39983
6004;RUBANO;7569;8100;15669
6005;RUBIANA;1214;1203;2417
6006;RUBIERA;7062;7359;14421
6007;RUDA;1474;1521;2995
6008;RUDIANO;2954;2745;5699
6009;RUEGLIO;376;397;773
6010;RUFFANO;4696;5158;9854
6011;RUFFIA;192;158;350
6012;RUFFRE'-MENDOLA;201;215;416
6013;RUFINA;3636;3746;7382
6014;RUINAS;367;361;728
6015;RUINO;366;379;745
6016;RUMO;418;404;822
6017;RUOTI;1755;1787;3542
6018;RUSSI;5938;6145;12083
6019;RUTIGLIANO;9137;9281;18418
6020;RUTINO;443;446;889
6021;RUVIANO;869;953;1822
6022;RUVO DEL MONTE;536;563;1099
6023;RUVO DI PUGLIA;12613;13049;25662
6024;SABAUDIA;9445;9367;18812
6025;SABBIA;30;27;57
6026;SABBIO CHIESE;1944;1887;3831
6027;SABBIONETA;2132;2181;4313
6028;SACCO;273;286;559
6029;SACCOLONGO;2431;2503;4934
6030;SACILE;9741;10156;19897
6031;SACROFANO;3237;3431;6668
6032;SADALI;468;450;918
6033;SAGAMA;92;101;193
6034;SAGLIANO MICCA;780;874;1654
6035;SAGRADO;1091;1145;2236
6036;SAGRON MIS;90;93;183
6037;SAINT-CHRISTOPHE;1646;1710;3356
6038;SAINT-DENIS;197;185;382
6039;SAINT-MARCEL;630;645;1275
6040;SAINT-NICOLAS;158;157;315
6041;SAINT-OYEN;103;114;217
6042;SAINT-PIERRE;1556;1556;3112
6043;SAINT-RHEMY-EN-BOSSES;201;166;367
6044;SAINT-VINCENT;2272;2382;4654
6045;SALA BAGANZA;2700;2692;5392
6046;SALA BIELLESE;304;323;627
6047;SALA BOLOGNESE;4124;4121;8245
6048;SALA COMACINA;268;346;614
6049;SALA CONSILINA;5882;6376;12258
6050;SALA MONFERRATO;188;189;377
6051;SALANDRA;1448;1486;2934
6052;SALAPARUTA;805;916;1721
6053;SALARA;578;636;1214
6054;SALASCO;122;115;237
6055;SALASSA;892;903;1795
6056;SALBERTRAND;304;275;579
6057;SALCEDO;525;513;1038
6058;SALCITO;358;337;695
6059;SALE;2008;2210;4218
6060;SALE DELLE LANGHE;278;247;525
6061;SALE MARASINO;1636;1734;3370
6062;SALE SAN GIOVANNI;88;90;178
6063;SALEMI;5213;5658;10871
6064;SALENTO;984;1021;2005
6065;SALERANO CANAVESE;263;259;522
6066;SALERANO SUL LAMBRO;1297;1356;2653
6067;SALERNO;62030;70578;132608
6068;SALETTO;1338;1392;2730
6069;SALGAREDA;3294;3305;6599
6070;SALI VERCELLESE;58;56;114
6071;SALICE SALENTINO;4173;4469;8642
6072;SALICETO;668;714;1382
6073;SALISANO;267;291;558
6074;SALIZZOLE;1903;1842;3745
6075;SALLE;154;163;317
6076;SALMOUR;370;336;706
6077;SALO';4765;5585;10350
6078;SALORNO SULLA STRADA DEL VINO/SALURN AN DER WEINSTRASSE;1747;1786;3533
6079;SALSOMAGGIORE TERME;9433;10072;19505
6080;SALTARA;3404;3368;6772
6081;SALTRIO;1459;1554;3013
6082;SALUDECIO;1519;1509;3028
6083;SALUGGIA;2028;2142;4170
6084;SALUSSOLA;1027;988;2015
6085;SALUZZO;8214;8726;16940
6086;SALVE;2250;2487;4737
6087;SALVIROLA;583;586;1169
6088;SALVITELLE;271;311;582
6089;SALZA DI PINEROLO;45;33;78
6090;SALZA IRPINA;381;386;767
6091;SALZANO;6259;6419;12678
6092;SAMARATE;7957;8211;16168
6093;SAMASSI;2598;2723;5321
6094;SAMATZAI;859;861;1720
6095;SAMBUCA DI SICILIA;3015;3099;6114
6096;SAMBUCA PISTOIESE;849;831;1680
6097;SAMBUCI;452;484;936
6098;SAMBUCO;50;50;100
6099;SAMMICHELE DI BARI;3253;3462;6715
6100;SAMO;428;443;871
6101;SAMOLACO;1415;1469;2884
6102;SAMONE;273;271;544
6103;SAMONE;800;814;1614
6104;SAMPEYRE;527;542;1069
6105;SAMUGHEO;1571;1612;3183
6106;SAN BARTOLOMEO AL MARE;1479;1648;3127
6107;SAN BARTOLOMEO IN GALDO;2491;2599;5090
6108;SAN BARTOLOMEO VAL CAVARGNA;509;532;1041
6109;SAN BASILE;507;558;1065
6110;SAN BASILIO;658;623;1281
6111;SAN BASSANO;1053;1154;2207
6112;SAN BELLINO;583;573;1156
6113;SAN BENEDETTO BELBO;96;95;191
6114;SAN BENEDETTO DEI MARSI;1900;2010;3910
6115;SAN BENEDETTO DEL TRONTO;22097;24866;46963
6116;SAN BENEDETTO IN PERILLIS;60;67;127
6117;SAN BENEDETTO PO;3840;3884;7724
6118;SAN BENEDETTO ULLANO;786;812;1598
6119;SAN BENEDETTO VAL DI SAMBRO;2208;2185;4393
6120;SAN BENIGNO CANAVESE;2754;2861;5615
6121;SAN BERNARDINO VERBANO;690;694;1384
6122;SAN BIAGIO DELLA CIMA;620;658;1278
6123;SAN BIAGIO DI CALLALTA;6493;6546;13039
6124;SAN BIAGIO PLATANI;1659;1842;3501
6125;SAN BIAGIO SARACINISCO;177;184;361
6126;SAN BIASE;101;108;209
6127;SAN BONIFACIO;10035;10240;20275
6128;SAN BUONO;515;505;1020
6129;SAN CALOGERO;2215;2245;4460
6130;SAN CANDIDO/INNICHEN;1587;1617;3204
6131;SAN CANZIAN D'ISONZO;3109;3200;6309
6132;SAN CARLO CANAVESE;1872;2002;3874
6133;SAN CASCIANO DEI BAGNI;800;837;1637
6134;SAN CASCIANO IN VAL DI PESA;8132;8751;16883
6135;SAN CASSIANO;1029;1076;2105
6136;SAN CATALDO;11321;12103;23424
6137;SAN CESAREO;6806;7000;13806
6138;SAN CESARIO DI LECCE;3983;4314;8297
6139;SAN CESARIO SUL PANARO;3009;3108;6117
6140;SAN CHIRICO NUOVO;739;736;1475
6141;SAN CHIRICO RAPARO;559;602;1161
6142;SAN CIPIRELLO;2639;2839;5478
6143;SAN CIPRIANO D'AVERSA;6663;6753;13416
6144;SAN CIPRIANO PICENTINO;3269;3374;6643
6145;SAN CIPRIANO PO;259;257;516
6146;SAN CLEMENTE;2612;2622;5234
6147;SAN COLOMBANO AL LAMBRO;3611;3725;7336
6148;SAN COLOMBANO BELMONTE;186;190;376
6149;SAN COLOMBANO CERTENOLI;1366;1321;2687
6150;SAN CONO;1349;1441;2790
6151;SAN COSMO ALBANESE;295;334;629
6152;SAN COSTANTINO ALBANESE;379;399;778
6153;SAN COSTANTINO CALABRO;1100;1138;2238
6154;SAN COSTANZO;2447;2394;4841
6155;SAN CRISTOFORO;293;314;607
6156;SAN DAMIANO AL COLLE;369;350;719
6157;SAN DAMIANO D'ASTI;4153;4220;8373
6158;SAN DAMIANO MACRA;227;212;439
6159;SAN DANIELE DEL FRIULI;3877;4195;8072
6160;SAN DANIELE PO;702;717;1419
6161;SAN DEMETRIO CORONE;1769;1896;3665
6162;SAN DEMETRIO NE' VESTINI;914;922;1836
6163;SAN DIDERO;289;277;566
6164;SAN DONA' DI PIAVE;19432;21214;40646
6165;SAN DONACI;3292;3577;6869
6166;SAN DONATO DI LECCE;2734;3058;5792
6167;SAN DONATO DI NINEA;716;775;1491
6168;SAN DONATO MILANESE;15041;15951;30992
6169;SAN DONATO VAL DI COMINO;989;1133;2122
6170;SAN DORLIGO DELLA VALLE-DOLINA;2902;3010;5912
6171;SAN FEDELE INTELVI;844;908;1752
6172;SAN FELE;1533;1635;3168
6173;SAN FELICE A CANCELLO;8375;8735;17110
6174;SAN FELICE CIRCEO;4325;4384;8709
6175;SAN FELICE DEL BENACO;1636;1767;3403
6176;SAN FELICE DEL MOLISE;337;357;694
6177;SAN FELICE SUL PANARO;5354;5672;11026
6178;SAN FERDINANDO;2084;2215;4299
6179;SAN FERDINANDO DI PUGLIA;6878;7038;13916
6180;SAN FERMO DELLA BATTAGLIA;2147;2319;4466
6181;SAN FILI;1359;1356;2715
6182;SAN FILIPPO DEL MELA;3448;3617;7065
6183;SAN FIOR;3370;3443;6813
6184;SAN FIORANO;905;899;1804
6185;SAN FLORIANO DEL COLLIO;403;395;798
6186;SAN FLORO;324;376;700
6187;SAN FRANCESCO AL CAMPO;2367;2458;4825
6188;SAN FRATELLO;1916;2026;3942
6189;SAN GAVINO MONREALE;4332;4562;8894
6190;SAN GEMINI;2392;2529;4921
6191;SAN GENESIO ATESINO/JENESIEN;1476;1461;2937
6192;SAN GENESIO ED UNITI;1857;1931;3788
6193;SAN GENNARO VESUVIANO;5441;5632;11073
6194;SAN GERMANO CHISONE;922;952;1874
6195;SAN GERMANO DEI BERICI;578;575;1153
6196;SAN GERMANO VERCELLESE;864;904;1768
6197;SAN GERVASIO BRESCIANO;1239;1230;2469
6198;SAN GIACOMO DEGLI SCHIAVONI;686;724;1410
6199;SAN GIACOMO DELLE SEGNATE;874;905;1779
6200;SAN GIACOMO FILIPPO;199;196;395
6201;SAN GIACOMO VERCELLESE;163;166;329
6202;SAN GILLIO;1462;1561;3023
6203;SAN GIMIGNANO;3765;3912;7677
6204;SAN GINESIO;1756;1888;3644
6205;SAN GIORGIO A CREMANO;21639;23884;45523
6206;SAN GIORGIO A LIRI;1544;1622;3166
6207;SAN GIORGIO ALBANESE;746;809;1555
6208;SAN GIORGIO BIGARELLO;4620;4778;9398
6209;SAN GIORGIO CANAVESE;1320;1385;2705
6210;SAN GIORGIO DEL SANNIO;4694;5115;9809
6211;SAN GIORGIO DELLA RICHINVELDA;2313;2217;4530
6212;SAN GIORGIO DELLE PERTICHE;5007;4972;9979
6213;SAN GIORGIO DI LOMELLINA;588;567;1155
6214;SAN GIORGIO DI NOGARO;3774;3907;7681
6215;SAN GIORGIO DI PESARO;718;730;1448
6216;SAN GIORGIO DI PIANO;3968;4233;8201
6217;SAN GIORGIO IN BOSCO;3114;3130;6244
6218;SAN GIORGIO IONICO;7645;8031;15676
6219;SAN GIORGIO LA MOLARA;1540;1510;3050
6220;SAN GIORGIO LUCANO;639;651;1290
6221;SAN GIORGIO MONFERRATO;612;667;1279
6222;SAN GIORGIO MORGETO;1486;1672;3158
6223;SAN GIORGIO PIACENTINO;2871;2947;5818
6224;SAN GIORGIO SCARAMPI;67;64;131
6225;SAN GIORGIO SU LEGNANO;3262;3468;6730
6226;SAN GIORIO DI SUSA;507;533;1040
6227;SAN GIOVANNI A PIRO;1882;1936;3818
6228;SAN GIOVANNI AL NATISONE;3066;3051;6117
6229;SAN GIOVANNI BIANCO;2542;2529;5071
6230;SAN GIOVANNI D'ASSO;445;453;898
6231;SAN GIOVANNI DEL DOSSO;635;663;1298
6232;SAN GIOVANNI DI GERACE;250;287;537
6233;SAN GIOVANNI GEMINI;4011;4116;8127
6234;SAN GIOVANNI ILARIONE;2630;2481;5111
6235;SAN GIOVANNI IN CROCE;908;967;1875
6236;SAN GIOVANNI IN FIORE;8704;9208;17912
6237;SAN GIOVANNI IN GALDO;284;340;624
6238;SAN GIOVANNI IN MARIGNANO;4420;4553;8973
6239;SAN GIOVANNI IN PERSICETO;13028;13964;26992
6240;SAN GIOVANNI INCARICO;1633;1777;3410
6241;SAN GIOVANNI LA PUNTA;10612;11437;22049
6242;SAN GIOVANNI LIPIONI;105;105;210
6243;SAN GIOVANNI LUPATOTO;11714;12434;24148
6244;SAN GIOVANNI ROTONDO;13291;14038;27329
6245;SAN GIOVANNI SUERGIU;3020;3000;6020
6246;SAN GIOVANNI TEATINO;6226;6507;12733
6247;SAN GIOVANNI VALDARNO;7949;8941;16890
6248;SAN GIULIANO DEL SANNIO;512;538;1050
6249;SAN GIULIANO DI PUGLIA;497;560;1057
6250;SAN GIULIANO MILANESE;17699;18272;35971
6251;SAN GIULIANO TERME;14971;16132;31103
6252;SAN GIUSEPPE JATO;4092;4419;8511
6253;SAN GIUSEPPE VESUVIANO;13480;13987;27467
6254;SAN GIUSTINO;5479;5858;11337
6255;SAN GIUSTO CANAVESE;1628;1769;3397
6256;SAN GODENZO;630;601;1231
6257;SAN GREGORIO D'IPPONA;1202;1220;2422
6258;SAN GREGORIO DA SASSOLA;784;769;1553
6259;SAN GREGORIO DI CATANIA;5486;6011;11497
6260;SAN GREGORIO MAGNO;2143;2274;4417
6261;SAN GREGORIO MATESE;479;543;1022
6262;SAN GREGORIO NELLE ALPI;785;822;1607
6263;SAN LAZZARO DI SAVENA;14773;16318;31091
6264;SAN LEO;1477;1493;2970
6265;SAN LEONARDO;595;566;1161
6266;SAN LEONARDO IN PASSIRIA/ST. LEONHARD IN PASSEIER;1783;1725;3508
6267;SAN LEUCIO DEL SANNIO;1583;1655;3238
6268;SAN LORENZELLO;1140;1180;2320
6269;SAN LORENZO;1315;1370;2685
6270;SAN LORENZO AL MARE;656;717;1373
6271;SAN LORENZO BELLIZZI;381;365;746
6272;SAN LORENZO DEL VALLO;1756;1709;3465
6273;SAN LORENZO DI SEBATO/ST. LORENZEN;1899;1868;3767
6274;SAN LORENZO IN BANALE;589;592;1181
6275;SAN LORENZO IN CAMPO;1671;1825;3496
6276;SAN LORENZO ISONTINO;770;778;1548
6277;SAN LORENZO MAGGIORE;1079;1086;2165
6278;SAN LORENZO NUOVO;1050;1116;2166
6279;SAN LUCA;2030;2014;4044
6280;SAN LUCIDO;2927;3013;5940
6281;SAN LUPO;430;433;863
6282;SAN MANGO D'AQUINO;803;836;1639
6283;SAN MANGO PIEMONTE;1284;1303;2587
6284;SAN MANGO SUL CALORE;593;599;1192
6285;SAN MARCELLINO;6286;6357;12643
6286;SAN MARCELLO;1019;1050;2069
6287;SAN MARCELLO PISTOIESE;3109;3563;6672
6288;SAN MARCO ARGENTANO;3616;3666;7282
6289;SAN MARCO D'ALUNZIO;1001;1082;2083
6290;SAN MARCO DEI CAVOTI;1717;1827;3544
6291;SAN MARCO EVANGELISTA;3093;3213;6306
6292;SAN MARCO IN LAMIS;6922;7296;14218
6293;SAN MARCO LA CATOLA;521;561;1082
6294;SAN MARTINO AL TAGLIAMENTO;742;754;1496
6295;SAN MARTINO ALFIERI;362;350;712
6296;SAN MARTINO BUON ALBERGO;7036;7247;14283
6297;SAN MARTINO CANAVESE;429;422;851
6298;SAN MARTINO D'AGRI;405;420;825
6299;SAN MARTINO DALL'ARGINE;875;936;1811
6300;SAN MARTINO DEL LAGO;240;233;473
6301;SAN MARTINO DI FINITA;587;620;1207
6302;SAN MARTINO DI LUPARI;6457;6595;13052
6303;SAN MARTINO DI VENEZZE;1983;2052;4035
6304;SAN MARTINO IN BADIA/ST. MARTIN IN THURN;870;859;1729
6305;SAN MARTINO IN PASSIRIA/ST. MARTIN IN PASSEIER;1571;1565;3136
6306;SAN MARTINO IN PENSILIS;2320;2477;4797
6307;SAN MARTINO IN RIO;3863;3910;7773
6308;SAN MARTINO IN STRADA;1816;1808;3624
6309;SAN MARTINO SANNITA;632;645;1277
6310;SAN MARTINO SICCOMARIO;2690;3048;5738
6311;SAN MARTINO SULLA MARRUCINA;471;489;960
6312;SAN MARTINO VALLE CAUDINA;2297;2448;4745
6313;SAN MARZANO DI SAN GIUSEPPE;4580;4689;9269
6314;SAN MARZANO OLIVETO;537;530;1067
6315;SAN MARZANO SUL SARNO;5030;5195;10225
6316;SAN MASSIMO;445;391;836
6317;SAN MAURIZIO CANAVESE;4733;4913;9646
6318;SAN MAURIZIO D'OPAGLIO;1529;1575;3104
6319;SAN MAURO CASTELVERDE;900;947;1847
6320;SAN MAURO CILENTO;500;485;985
6321;SAN MAURO DI SALINE;287;266;553
6322;SAN MAURO FORTE;842;868;1710
6323;SAN MAURO LA BRUCA;328;325;653
6324;SAN MAURO MARCHESATO;1062;1130;2192
6325;SAN MAURO PASCOLI;5462;5628;11090
6326;SAN MAURO TORINESE;9102;9823;18925
6327;SAN MICHELE AL TAGLIAMENTO;5768;6260;12028
6328;SAN MICHELE ALL'ADIGE;1436;1475;2911
6329;SAN MICHELE DI GANZARIA;1681;1782;3463
6330;SAN MICHELE DI SERINO;1275;1316;2591
6331;SAN MICHELE MONDOVI';985;1049;2034
6332;SAN MICHELE SALENTINO;3094;3277;6371
6333;SAN MINIATO;13458;14127;27585
6334;SAN NAZARIO;901;839;1740
6335;SAN NAZZARO;468;446;914
6336;SAN NAZZARO SESIA;354;336;690
6337;SAN NAZZARO VAL CAVARGNA;170;168;338
6338;SAN NICANDRO GARGANICO;7754;8173;15927
6339;SAN NICOLA ARCELLA;888;863;1751
6340;SAN NICOLA BARONIA;387;397;784
6341;SAN NICOLA DA CRISSA;694;722;1416
6342;SAN NICOLA DELL'ALTO;420;478;898
6343;SAN NICOLA LA STRADA;10404;10753;21157
6344;SAN NICOLA MANFREDI;1777;1847;3624
6345;SAN NICOLO' D'ARCIDANO;1409;1402;2811
6346;SAN NICOLO' DI COMELICO;200;205;405
6347;SAN NICOLO' GERREI;424;422;846
6348;SAN PANCRAZIO SALENTINO;4964;5325;10289
6349;SAN PANCRAZIO/ST. PANKRAZ;818;766;1584
6350;SAN PAOLO;2283;2221;4504
6351;SAN PAOLO ALBANESE;137;169;306
6352;SAN PAOLO BEL SITO;1663;1759;3422
6353;SAN PAOLO CERVO;67;75;142
6354;SAN PAOLO D'ARGON;2705;2681;5386
6355;SAN PAOLO DI CIVITATE;2894;3041;5935
6356;SAN PAOLO DI JESI;448;454;902
6357;SAN PAOLO SOLBRITO;613;584;1197
6358;SAN PELLEGRINO TERME;2379;2571;4950
6359;SAN PIER D'ISONZO;1014;1005;2019
6360;SAN PIER NICETO;1421;1490;2911
6361;SAN PIERO A SIEVE;2096;2144;4240
6362;SAN PIERO PATTI;1460;1622;3082
6363;SAN PIETRO A MAIDA;2153;2145;4298
6364;SAN PIETRO AL NATISONE;1085;1138;2223
6365;SAN PIETRO AL TANAGRO;837;900;1737
6366;SAN PIETRO APOSTOLO;876;902;1778
6367;SAN PIETRO AVELLANA;256;281;537
6368;SAN PIETRO CLARENZA;3536;3566;7102
6369;SAN PIETRO DI CADORE;832;858;1690
6370;SAN PIETRO DI CARIDA';600;665;1265
6371;SAN PIETRO DI FELETTO;2567;2788;5355
6372;SAN PIETRO DI MORUBIO;1506;1518;3024
6373;SAN PIETRO IN AMANTEA;262;272;534
6374;SAN PIETRO IN CARIANO;6243;6687;12930
6375;SAN PIETRO IN CASALE;5803;5933;11736
6376;SAN PIETRO IN CERRO;470;456;926
6377;SAN PIETRO IN GU;2252;2324;4576
6378;SAN PIETRO IN GUARANO;1802;1847;3649
6379;SAN PIETRO IN LAMA;1682;1918;3600
6380;SAN PIETRO INFINE;468;481;949
6381;SAN PIETRO MOSEZZO;978;1018;1996
6382;SAN PIETRO MUSSOLINO;829;784;1613
6383;SAN PIETRO VAL LEMINA;709;721;1430
6384;SAN PIETRO VERNOTICO;6582;7392;13974
6385;SAN PIETRO VIMINARIO;1514;1489;3003
6386;SAN PIO DELLE CAMERE;316;315;631
6387;SAN POLO D'ENZA;2883;3066;5949
6388;SAN POLO DEI CAVALIERI;1491;1493;2984
6389;SAN POLO DI PIAVE;2495;2434;4929
6390;SAN POLO MATESE;232;226;458
6391;SAN PONSO;141;138;279
6392;SAN POSSIDONIO;1732;1889;3621
6393;SAN POTITO SANNITICO;975;1025;2000
6394;SAN POTITO ULTRA;777;821;1598
6395;SAN PRISCO;5722;6181;11903
6396;SAN PROCOPIO;270;269;539
6397;SAN PROSPERO;2955;2886;5841
6398;SAN QUIRICO D'ORCIA;1308;1372;2680
6399;SAN QUIRINO;2087;2187;4274
6400;SAN RAFFAELE CIMENA;1538;1569;3107
6401;SAN ROBERTO;908;925;1833
6402;SAN ROCCO AL PORTO;1692;1772;3464
6403;SAN ROMANO IN GARFAGNANA;705;754;1459
6404;SAN RUFO;838;891;1729
6405;SAN SALVATORE DI FITALIA;621;757;1378
6406;SAN SALVATORE MONFERRATO;2156;2293;4449
6407;SAN SALVATORE TELESINO;1983;2055;4038
6408;SAN SALVO;9410;9438;18848
6409;SAN SEBASTIANO AL VESUVIO;4398;4769;9167
6410;SAN SEBASTIANO CURONE;275;316;591
6411;SAN SEBASTIANO DA PO;940;969;1909
6412;SAN SECONDO DI PINEROLO;1777;1831;3608
6413;SAN SECONDO PARMENSE;2717;2802;5519
6414;SAN SEVERINO LUCANO;819;848;1667
6415;SAN SEVERINO MARCHE;6247;6771;13018
6416;SAN SEVERO;26817;28089;54906
6417;SAN SIRO;856;902;1758
6418;SAN SOSSIO BARONIA;830;867;1697
6419;SAN SOSTENE;617;694;1311
6420;SAN SOSTI;1077;1123;2200
6421;SAN SPERATE;3987;3985;7972
6422;SAN STINO DI LIVENZA;6380;6662;13042
6423;SAN TAMMARO;2562;2502;5064
6424;SAN TEODORO;2303;2237;4540
6425;SAN TEODORO;679;742;1421
6426;SAN TOMASO AGORDINO;334;349;683
6427;SAN VALENTINO IN ABRUZZO CITERIORE;904;1026;1930
6428;SAN VALENTINO TORIO;5223;5216;10439
6429;SAN VENANZO;1161;1150;2311
6430;SAN VENDEMIANO;4973;5107;10080
6431;SAN VERO MILIS;1278;1248;2526
6432;SAN VINCENZO;3324;3699;7023
6433;SAN VINCENZO LA COSTA;1075;1083;2158
6434;SAN VINCENZO VALLE ROVETO;1176;1257;2433
6435;SAN VITALIANO;2997;3223;6220
6436;SAN VITO;1896;1926;3822
6437;SAN VITO AL TAGLIAMENTO;7238;7773;15011
6438;SAN VITO AL TORRE;658;675;1333
6439;SAN VITO CHIETINO;2517;2709;5226
6440;SAN VITO DEI NORMANNI;9398;10222;19620
6441;SAN VITO DI CADORE;848;965;1813
6442;SAN VITO DI FAGAGNA;824;858;1682
6443;SAN VITO DI LEGUZZANO;1763;1821;3584
6444;SAN VITO LO CAPO;2168;2247;4415
6445;SAN VITO ROMANO;1640;1726;3366
6446;SAN VITO SULLO IONIO;856;974;1830
6447;SAN VITTORE DEL LAZIO;1330;1349;2679
6448;SAN VITTORE OLONA;3961;4293;8254
6449;SAN ZENO DI MONTAGNA;700;667;1367
6450;SAN ZENO NAVIGLIO;2251;2350;4601
6451;SAN ZENONE AL LAMBRO;2081;2105;4186
6452;SAN ZENONE AL PO;290;308;598
6453;SAN ZENONE DEGLI EZZELINI;3809;3582;7391
6454;SANARICA;725;778;1503
6455;SANDIGLIANO;1358;1404;2762
6456;SANDRIGO;4126;4266;8392
6457;SANFRE';1416;1485;2901
6458;SANFRONT;1252;1278;2530
6459;SANGANO;1824;1983;3807
6460;SANGIANO;775;761;1536
6461;SANGINETO;672;665;1337
6462;SANGUINETTO;2027;2113;4140
6463;SANLURI;4128;4332;8460
6464;SANNAZZARO DE' BURGONDI;2747;2897;5644
6465;SANNICANDRO DI BARI;4893;4820;9713
6466;SANNICOLA;2797;3105;5902
6467;SANREMO;25254;28883;54137
6468;SANSEPOLCRO;7735;8373;16108
6469;SANT'AGAPITO;659;728;1387
6470;SANT'AGATA BOLOGNESE;3552;3588;7140
6471;SANT'AGATA DE' GOTI;5552;5758;11310
6472;SANT'AGATA DEL BIANCO;328;351;679
6473;SANT'AGATA DI ESARO;984;1006;1990
6474;SANT'AGATA DI MILITELLO;6060;6743;12803
6475;SANT'AGATA DI PUGLIA;1026;1070;2096
6476;SANT'AGATA FELTRIA;1145;1135;2280
6477;SANT'AGATA FOSSILI;212;229;441
6478;SANT'AGATA LI BATTIATI;4575;5254;9829
6479;SANT'AGATA SUL SANTERNO;1400;1422;2822
6480;SANT'AGNELLO;4347;4682;9029
6481;SANT'AGOSTINO;3466;3602;7068
6482;SANT'ALBANO STURA;1213;1167;2380
6483;SANT'ALESSIO CON VIALONE;433;407;840
6484;SANT'ALESSIO IN ASPROMONTE;156;167;323
6485;SANT'ALESSIO SICULO;687;810;1497
6486;SANT'ALFIO;789;842;1631
6487;SANT'AMBROGIO DI TORINO;2352;2401;4753
6488;SANT'AMBROGIO DI VALPOLICELLA;5601;5821;11422
6489;SANT'AMBROGIO SUL GARIGLIANO;496;498;994
6490;SANT'ANASTASIA;13289;14007;27296
6491;SANT'ANATOLIA DI NARCO;288;270;558
6492;SANT'ANDREA APOSTOLO DELLO IONIO;1002;1070;2072
6493;SANT'ANDREA DEL GARIGLIANO;781;785;1566
6494;SANT'ANDREA DI CONZA;800;862;1662
6495;SANT'ANDREA FRIUS;954;880;1834
6496;SANT'ANGELO A CUPOLO;2102;2162;4264
6497;SANT'ANGELO A FASANELLA;323;395;718
6498;SANT'ANGELO A SCALA;397;358;755
6499;SANT'ANGELO ALL'ESCA;411;425;836
6500;SANT'ANGELO D'ALIFE;1100;1176;2276
6501;SANT'ANGELO DEI LOMBARDI;2181;2123;4304
6502;SANT'ANGELO DEL PESCO;179;189;368
6503;SANT'ANGELO DI BROLO;1557;1740;3297
6504;SANT'ANGELO DI PIOVE DI SACCO;3569;3642;7211
6505;SANT'ANGELO IN LIZZOLA;4314;4325;8639
6506;SANT'ANGELO IN PONTANO;690;793;1483
6507;SANT'ANGELO IN VADO;2020;2087;4107
6508;SANT'ANGELO LE FRATTE;727;730;1457
6509;SANT'ANGELO LIMOSANO;168;180;348
6510;SANT'ANGELO LODIGIANO;6166;6499;12665
6511;SANT'ANGELO LOMELLINA;435;429;864
6512;SANT'ANGELO MUXARO;703;768;1471
6513;SANT'ANGELO ROMANO;2246;2242;4488
6514;SANT'ANNA ARRESI;1362;1350;2712
6515;SANT'ANNA D'ALFAEDO;1309;1255;2564
6516;SANT'ANTIMO;16781;17326;34107
6517;SANT'ANTIOCO;5723;5773;11496
6518;SANT'ANTONINO DI SUSA;2063;2270;4333
6519;SANT'ANTONIO ABATE;9620;9926;19546
6520;SANT'ANTONIO DI GALLURA;822;797;1619
6521;SANT'APOLLINARE;948;983;1931
6522;SANT'ARCANGELO;3220;3286;6506
6523;SANT'ARCANGELO TRIMONTE;314;327;641
6524;SANT'ARPINO;6985;7091;14076
6525;SANT'ARSENIO;1322;1425;2747
6526;SANT'EGIDIO ALLA VIBRATA;4787;4881;9668
6527;SANT'EGIDIO DEL MONTE ALBINO;4286;4429;8715
6528;SANT'ELENA;1183;1247;2430
6529;SANT'ELENA SANNITA;121;139;260
6530;SANT'ELIA A PIANISI;937;973;1910
6531;SANT'ELIA FIUMERAPIDO;3094;3133;6227
6532;SANT'ELPIDIO A MARE;8306;8662;16968
6533;SANT'EUFEMIA A MAIELLA;141;158;299
6534;SANT'EUFEMIA D'ASPROMONTE;1965;2088;4053
6535;SANT'EUSANIO DEL SANGRO;1210;1243;2453
6536;SANT'EUSANIO FORCONESE;198;220;418
6537;SANT'ILARIO D'ENZA;5321;5618;10939
6538;SANT'ILARIO DELLO IONIO;646;686;1332
6539;SANT'IPPOLITO;784;790;1574
6540;SANT'OLCESE;2884;3027;5911
6541;SANT'OMERO;2598;2715;5313
6542;SANT'OMOBONO TERME;1746;1726;3472
6543;SANT'ONOFRIO;1535;1613;3148
6544;SANT'ORESTE;1818;1884;3702
6545;SANT'ORSOLA TERME;549;524;1073
6546;SANT'URBANO;1055;1107;2162
6547;SANTA BRIGIDA;302;295;597
6548;SANTA CATERINA ALBANESE;624;620;1244
6549;SANTA CATERINA DELLO IONIO;1061;1081;2142
6550;SANTA CATERINA VILLARMOSA;2710;3017;5727
6551;SANTA CESAREA TERME;1395;1637;3032
6552;SANTA CRISTINA D'ASPROMONTE;506;511;1017
6553;SANTA CRISTINA E BISSONE;1038;990;2028
6554;SANTA CRISTINA GELA;462;463;925
6555;SANTA CRISTINA VALGARDENA/ST. CHRISTINA IN GRODEN;948;923;1871
6556;SANTA CROCE CAMERINA;4834;4618;9452
6557;SANTA CROCE DEL SANNIO;485;500;985
6558;SANTA CROCE DI MAGLIANO;2268;2424;4692
6559;SANTA CROCE SULL'ARNO;7004;7057;14061
6560;SANTA DOMENICA TALAO;644;628;1272
6561;SANTA DOMENICA VITTORIA;531;536;1067
6562;SANTA ELISABETTA;1284;1324;2608
6563;SANTA FIORA;1325;1377;2702
6564;SANTA FLAVIA;5266;5485;10751
6565;SANTA GIULETTA;821;864;1685
6566;SANTA GIUSTA;2387;2424;4811
6567;SANTA GIUSTINA;3263;3504;6767
6568;SANTA GIUSTINA IN COLLE;3547;3584;7131
6569;SANTA LUCE;883;854;1737
6570;SANTA LUCIA DEL MELA;2274;2470;4744
6571;SANTA LUCIA DI PIAVE;4501;4580;9081
6572;SANTA LUCIA DI SERINO;715;731;1446
6573;SANTA MARGHERITA D'ADIGE;1107;1192;2299
6574;SANTA MARGHERITA DI BELICE;3118;3426;6544
6575;SANTA MARGHERITA DI STAFFORA;256;257;513
6576;SANTA MARGHERITA LIGURE;4475;5234;9709
6577;SANTA MARIA A MONTE;6353;6494;12847
6578;SANTA MARIA A VICO;6954;7180;14134
6579;SANTA MARIA CAPUA VETERE;15437;17066;32503
6580;SANTA MARIA COGHINAS;711;719;1430
6581;SANTA MARIA DEL CEDRO;2415;2482;4897
6582;SANTA MARIA DEL MOLISE;321;314;635
6583;SANTA MARIA DELLA VERSA;1187;1289;2476
6584;SANTA MARIA DI LICODIA;3592;3730;7322
6585;SANTA MARIA DI SALA;8654;8641;17295
6586;SANTA MARIA HOE';1146;1061;2207
6587;SANTA MARIA IMBARO;914;916;1830
6588;SANTA MARIA LA CARITA';5825;5901;11726
6589;SANTA MARIA LA FOSSA;1295;1387;2682
6590;SANTA MARIA LA LONGA;1163;1254;2417
6591;SANTA MARIA MAGGIORE;626;638;1264
6592;SANTA MARIA NUOVA;2041;2158;4199
6593;SANTA MARINA;1537;1629;3166
6594;SANTA MARINA SALINA;477;415;892
6595;SANTA MARINELLA;8379;9024;17403
6596;SANTA NINFA;2461;2634;5095
6597;SANTA PAOLINA;676;690;1366
6598;SANTA SEVERINA;1103;1159;2262
6599;SANTA SOFIA;2045;2148;4193
6600;SANTA SOFIA D'EPIRO;1356;1392;2748
6601;SANTA TERESA DI RIVA;4423;4817;9240
6602;SANTA TERESA GALLURA;2491;2527;5018
6603;SANTA VENERINA;4081;4270;8351
6604;SANTA VITTORIA D'ALBA;1364;1384;2748
6605;SANTA VITTORIA IN MATENANO;687;735;1422
6606;SANTADI;1760;1810;3570
6607;SANTARCANGELO DI ROMAGNA;10115;10724;20839
6608;SANTE MARIE;567;641;1208
6609;SANTENA;5266;5472;10738
6610;SANTERAMO IN COLLE;13248;13522;26770
6611;SANTHIA';4234;4591;8825
6612;SANTI COSMA E DAMIANO;3338;3544;6882
6613;SANTO STEFANO AL MARE;1058;1181;2239
6614;SANTO STEFANO BELBO;1975;2080;4055
6615;SANTO STEFANO D'AVETO;611;606;1217
6616;SANTO STEFANO DEL SOLE;1053;1136;2189
6617;SANTO STEFANO DI CADORE;1286;1377;2663
6618;SANTO STEFANO DI CAMASTRA;2185;2489;4674
6619;SANTO STEFANO DI MAGRA;4244;4546;8790
6620;SANTO STEFANO DI ROGLIANO;829;811;1640
6621;SANTO STEFANO DI SESSANIO;57;54;111
6622;SANTO STEFANO IN ASPROMONTE;644;603;1247
6623;SANTO STEFANO LODIGIANO;945;957;1902
6624;SANTO STEFANO QUISQUINA;2385;2512;4897
6625;SANTO STEFANO ROERO;671;736;1407
6626;SANTO STEFANO TICINO;2340;2461;4801
6627;SANTOMENNA;241;232;473
6628;SANTOPADRE;709;701;1410
6629;SANTORSO;2856;2890;5746
6630;SANTU LUSSURGIU;1213;1227;2440
6631;SANZA;1368;1329;2697
6632;SANZENO;466;462;928
6633;SAONARA;4956;5087;10043
6634;SAPONARA;1989;2089;4078
6635;SAPPADA;638;668;1306
6636;SAPRI;3208;3601;6809
6637;SARACENA;1949;2015;3964
6638;SARACINESCO;102;82;184
6639;SARCEDO;2594;2709;5303
6640;SARCONI;676;686;1362
6641;SARDARA;2039;2129;4168
6642;SARDIGLIANO;226;226;452
6643;SAREGO;3328;3313;6641
6644;SARENTINO/SARNTAL;3493;3397;6890
6645;SAREZZANO;585;608;1193
6646;SAREZZO;6698;6771;13469
6647;SARMATO;1441;1478;2919
6648;SARMEDE;1566;1608;3174
6649;SARNANO;1591;1776;3367
6650;SARNICO;3050;3340;6390
6651;SARNO;15249;15781;31030
6652;SARNONICO;371;378;749
6653;SARONNO;18305;20293;38598
6654;SARRE;2394;2463;4857
6655;SARROCH;2622;2576;5198
6656;SARSINA;1785;1817;3602
6657;SARTEANO;2205;2536;4741
6658;SARTIRANA LOMELLINA;840;920;1760
6659;SARULE;845;925;1770
6660;SARZANA;10395;11434;21829
6661;SASSANO;2387;2608;4995
6662;SASSARI;58972;64810;123782
6663;SASSELLO;949;933;1882
6664;SASSETTA;254;279;533
6665;SASSINORO;319;340;659
6666;SASSO DI CASTALDA;416;415;831
6667;SASSO MARCONI;7003;7542;14545
6668;SASSOCORVARO;1732;1724;3456
6669;SASSOFELTRIO;708;737;1445
6670;SASSOFERRATO;3648;3884;7532
6671;SASSUOLO;19260;20625;39885
6672;SATRIANO;1613;1701;3314
6673;SATRIANO DI LUCANIA;1177;1229;2406
6674;SAURIS;198;221;419
6675;SAUZE D'OULX;585;526;1111
6676;SAUZE DI CESANA;119;100;219
6677;SAVA;7996;8505;16501
6678;SAVELLI;638;683;1321
6679;SAVIANO;7477;8011;15488
6680;SAVIGLIANO;10199;10736;20935
6681;SAVIGNANO IRPINO;568;595;1163
6682;SAVIGNANO SUL PANARO;4569;4707;9276
6683;SAVIGNANO SUL RUBICONE;8671;8850;17521
6684;SAVIGNO;1355;1372;2727
6685;SAVIGNONE;1597;1629;3226
6686;SAVIORE DELL'ADAMELLO;466;526;992
6687;SAVOCA;838;928;1766
6688;SAVOGNA;254;228;482
6689;SAVOGNA D'ISONZO;867;860;1727
6690;SAVOIA DI LUCANIA;577;571;1148
6691;SAVONA;28151;32510;60661
6692;SCAFA;1852;1984;3836
6693;SCAFATI;24404;25609;50013
6694;SCAGNELLO;105;102;207
6695;SCALA;746;772;1518
6696;SCALA COELI;543;598;1141
6697;SCALDASOLE;473;494;967
6698;SCALEA;5031;5121;10152
6699;SCALENGHE;1652;1651;3303
6700;SCALETTA ZANCLEA;1070;1179;2249
6701;SCAMPITELLA;659;685;1344
6702;SCANDALE;1646;1680;3326
6703;SCANDIANO;12063;12729;24792
6704;SCANDICCI;23903;25862;49765
6705;SCANDOLARA RAVARA;713;753;1466
6706;SCANDOLARA RIPA D'OGLIO;323;300;623
6707;SCANDRIGLIA;1481;1453;2934
6708;SCANNO;950;998;1948
6709;SCANO DI MONTIFERRO;753;827;1580
6710;SCANSANO;2256;2278;4534
6711;SCANZANO JONICO;3596;3575;7171
6712;SCANZOROSCIATE;4808;5027;9835
6713;SCAPOLI;375;383;758
6714;SCARLINO;1836;1863;3699
6715;SCARMAGNO;393;419;812
6716;SCARNAFIGI;1066;1028;2094
6717;SCARPERIA;3790;3938;7728
6718;SCENA/SCHENNA;1422;1416;2838
6719;SCERNI;1661;1738;3399
6720;SCHEGGIA E PASCELUPO;700;742;1442
6721;SCHEGGINO;234;247;481
6722;SCHIAVI DI ABRUZZO;387;544;931
6723;SCHIAVON;1289;1311;2600
6724;SCHIGNANO;447;427;874
6725;SCHILPARIO;616;634;1250
6726;SCHIO;18903;20228;39131
6727;SCHIVENOGLIA;608;632;1240
6728;SCIACCA;19881;21018;40899
6729;SCIARA;1366;1421;2787
6730;SCICLI;12704;13218;25922
6731;SCIDO;465;511;976
6732;SCIGLIANO;622;686;1308
6733;SCILLA;2476;2639;5115
6734;SCILLATO;308;319;627
6735;SCIOLZE;745;768;1513
6736;SCISCIANO;2826;2949;5775
6737;SCLAFANI BAGNI;225;225;450
6738;SCONTRONE;295;295;590
6739;SCOPA;192;199;391
6740;SCOPELLO;198;204;402
6741;SCOPPITO;1652;1633;3285
6742;SCORDIA;8498;8687;17185
6743;SCORRANO;3385;3590;6975
6744;SCORZE';9343;9561;18904
6745;SCURCOLA MARSICANA;1356;1406;2762
6746;SCURELLE;695;706;1401
6747;SCURZOLENGO;291;305;596
6748;SEBORGA;156;167;323
6749;SECINARO;194;189;383
6750;SECLI';914;1009;1923
6751;SECUGNAGO;972;1012;1984
6752;SEDEGLIANO;1974;1963;3937
6753;SEDICO;4794;5112;9906
6754;SEDILO;1082;1134;2216
6755;SEDINI;661;717;1378
6756;SEDRIANO;5588;5682;11270
6757;SEDRINA;1262;1245;2507
6758;SEFRO;218;213;431
6759;SEGARIU;621;656;1277
6760;SEGGIANO;493;511;1004
6761;SEGNI;4408;4693;9101
6762;SEGONZANO;751;780;1531
6763;SEGRATE;16241;17278;33519
6764;SEGUSINO;965;976;1941
6765;SELARGIUS;13877;14807;28684
6766;SELCI;545;561;1106
6767;SELEGAS;695;738;1433
6768;SELLANO;553;587;1140
6769;SELLERO;752;754;1506
6770;SELLIA;230;281;511
6771;SELLIA MARINA;3496;3491;6987
6772;SELVA DEI MOLINI/MUHLWALD;783;690;1473
6773;SELVA DI CADORE;247;270;517
6774;SELVA DI PROGNO;493;441;934
6775;SELVA DI VAL GARDENA/WOLKENSTEIN IN GRODEN;1320;1340;2660
6776;SELVAZZANO DENTRO;10705;11440;22145
6777;SELVE MARCONE;46;54;100
6778;SELVINO;992;999;1991
6779;SEMESTENE;77;94;171
6780;SEMIANA;130;127;257
6781;SEMINARA;1359;1461;2820
6782;SEMPRONIANO;546;598;1144
6783;SENAGO;10271;10643;20914
6784;SENALE-SAN FELICE/UNSERE LIEBE FRAU IM WALDE-ST. FELIX;404;378;782
6785;SENALES/SCHNALS;671;643;1314
6786;SENEGHE;928;919;1847
6787;SENERCHIA;531;483;1014
6788;SENIGA;793;788;1581
6789;SENIGALLIA;21131;23230;44361
6790;SENIS;226;253;479
6791;SENISE;3544;3583;7127
6792;SENNA COMASCO;1600;1571;3171
6793;SENNA LODIGIANA;1005;992;1997
6794;SENNARIOLO;80;103;183
6795;SENNORI;3695;3680;7375
6796;SENORBI';2352;2429;4781
6797;SEPINO;1024;961;1985
6798;SEPPIANA;73;88;161
6799;SEQUALS;1080;1141;2221
6800;SERAVEZZA;6280;6958;13238
6801;SERDIANA;1332;1288;2620
6802;SEREGNO;20689;22312;43001
6803;SEREN DEL GRAPPA;1285;1272;2557
6804;SERGNANO;1850;1781;3631
6805;SERIATE;11934;12402;24336
6806;SERINA;1092;1073;2165
6807;SERINO;3498;3631;7129
6808;SERLE;1513;1579;3092
6809;SERMIDE E FELONICA;3029;3233;6262
6810;SERMONETA;4521;4608;9129
6811;SERNAGLIA DELLA BATTAGLIA;3135;3190;6325
6812;SERNIO;247;253;500
6813;SEROLE;73;69;142
6814;SERRA D'AIELLO;253;296;549
6815;SERRA DE' CONTI;1806;1916;3722
6816;SERRA PEDACE;484;518;1002
6817;SERRA RICCO';3898;4033;7931
6818;SERRA SAN BRUNO;3441;3409;6850
6819;SERRA SAN QUIRICO;1390;1577;2967
6820;SERRA SANT'ABBONDIO;539;560;1099
6821;SERRACAPRIOLA;1985;2084;4069
6822;SERRADIFALCO;2992;3273;6265
6823;SERRALUNGA D'ALBA;276;248;524
6824;SERRALUNGA DI CREA;280;299;579
6825;SERRAMANNA;4615;4644;9259
6826;SERRAMAZZONI;4043;3971;8014
6827;SERRAMEZZANA;159;188;347
6828;SERRAMONACESCA;307;275;582
6829;SERRAPETRONA;493;515;1008
6830;SERRARA FONTANA;1588;1576;3164
6831;SERRASTRETTA;1569;1680;3249
6832;SERRATA;439;475;914
6833;SERRAVALLE A PO;774;819;1593
6834;SERRAVALLE DI CHIENTI;546;539;1085
6835;SERRAVALLE LANGHE;175;148;323
6836;SERRAVALLE PISTOIESE;5641;5876;11517
6837;SERRAVALLE SCRIVIA;3140;3182;6322
6838;SERRAVALLE SESIA;2489;2652;5141
6839;SERRE;1947;2009;3956
6840;SERRENTI;2512;2516;5028
6841;SERRI;337;339;676
6842;SERRONE;1546;1523;3069
6843;SERRUNGARINA;1294;1288;2582
6844;SERSALE;2304;2463;4767
6845;SERVIGLIANO;1140;1207;2347
6846;SESSA AURUNCA;10877;11339;22216
6847;SESSA CILENTO;653;713;1366
6848;SESSAME;142;142;284
6849;SESSANO DEL MOLISE;347;397;744
6850;SESTA GODANO;711;741;1452
6851;SESTINO;715;706;1421
6852;SESTO AL REGHENA;3162;3157;6319
6853;SESTO CALENDE;5240;5579;10819
6854;SESTO CAMPANO;1141;1190;2331
6855;SESTO ED UNITI;1504;1571;3075
6856;SESTO FIORENTINO;22653;25089;47742
6857;SESTO SAN GIOVANNI;36354;40160;76514
6858;SESTO/SEXTEN;935;1002;1937
6859;SESTOLA;1273;1329;2602
6860;SESTRI LEVANTE;8519;9653;18172
6861;SESTRIERE;444;394;838
6862;SESTU;9991;9902;19893
6863;SETTALA;3667;3661;7328
6864;SETTEFRATI;396;396;792
6865;SETTIME;283;298;581
6866;SETTIMO MILANESE;9289;9859;19148
6867;SETTIMO ROTTARO;245;258;503
6868;SETTIMO SAN PIETRO;3262;3270;6532
6869;SETTIMO TORINESE;22632;24243;46875
6870;SETTIMO VITTONE;755;788;1543
6871;SETTINGIANO;1524;1431;2955
6872;SETZU;74;70;144
6873;SEUI;688;673;1361
6874;SEULO;470;427;897
6875;SEVESO;11172;11561;22733
6876;SEZZADIO;634;660;1294
6877;SEZZE;11977;12137;24114
6878;SFRUZ;163;160;323
6879;SGONICO;1016;1061;2077
6880;SGURGOLA;1274;1349;2623
6881;SIAMAGGIORE;500;470;970
6882;SIAMANNA;417;407;824
6883;SIANO;4951;5123;10074
6884;SIAPICCIA;199;171;370
6885;SICIGNANO DEGLI ALBURNI;1672;1747;3419
6886;SICULIANA;2251;2381;4632
6887;SIDDI;351;345;696
6888;SIDERNO;8246;8633;16879
6889;SIENA;24278;28561;52839
6890;SIGILLO;1193;1275;2468
6891;SIGNA;8386;9065;17451
6892;SILANDRO/SCHLANDERS;2895;3052;5947
6893;SILANUS;1089;1111;2200
6894;SILEA;4776;5147;9923
6895;SILIGO;427;485;912
6896;SILIQUA;1983;2014;3997
6897;SILIUS;689;582;1271
6898;SILLANO;320;361;681
6899;SILLAVENGO;306;289;595
6900;SILVANO D'ORBA;984;1072;2056
6901;SILVANO PIETRA;336;344;680
6902;SILVI;7586;7815;15401
6903;SIMALA;179;178;357
6904;SIMAXIS;1152;1157;2309
6905;SIMBARIO;458;498;956
6906;SIMERI CRICHI;2222;2253;4475
6907;SINAGRA;1367;1393;2760
6908;SINALUNGA;6019;6457;12476
6909;SINDIA;871;940;1811
6910;SINI;257;258;515
6911;SINIO;264;252;516
6912;SINISCOLA;5765;5704;11469
6913;SINNAI;8323;8407;16730
6914;SINOPOLI;1076;1078;2154
6915;SIRACUSA;57514;60871;118385
6916;SIRIGNANO;1444;1434;2878
6917;SIRIS;117;107;224
6918;SIRMIONE;3542;3896;7438
6919;SIROLO;1867;1989;3856
6920;SIRONE;1168;1223;2391
6921;SIROR;631;653;1284
6922;SIRTORI;1459;1461;2920
6923;SISSA;2096;2163;4259
6924;SIURGUS DONIGALA;1006;1074;2080
6925;SIZIANO;2835;2972;5807
6926;SIZZANO;710;736;1446
6927;SLUDERNO/SCHLUDERNS;920;912;1832
6928;SMARANO;266;243;509
6929;SMERILLO;184;205;389
6930;SOAVE;3350;3558;6908
6931;SOCCHIEVE;449;492;941
6932;SODDI';53;63;116
6933;SOGLIANO AL RUBICONE;1610;1641;3251
6934;SOGLIANO CAVOUR;1969;2096;4065
6935;SOGLIO;73;87;160
6936;SOIANO DEL LAGO;882;903;1785
6937;SOLAGNA;921;974;1895
6938;SOLARINO;3888;3965;7853
6939;SOLARO;6876;7014;13890
6940;SOLAROLO;2193;2296;4489
6941;SOLAROLO RAINERIO;496;511;1007
6942;SOLARUSSA;1240;1227;2467
6943;SOLBIATE;1230;1300;2530
6944;SOLBIATE ARNO;2086;2188;4274
6945;SOLBIATE OLONA;2770;2809;5579
6946;SOLDANO;501;484;985
6947;SOLEMINIS;931;927;1858
6948;SOLERO;803;857;1660
6949;SOLESINO;3528;3652;7180
6950;SOLETO;2661;2881;5542
6951;SOLFERINO;1231;1300;2531
6952;SOLIERA;7395;7666;15061
6953;SOLIGNANO;938;871;1809
6954;SOLOFRA;6173;6246;12419
6955;SOLONGHELLO;105;116;221
6956;SOLOPACA;1810;2146;3956
6957;SOLTO COLLINA;827;908;1735
6958;SOLZA;966;995;1961
6959;SOMAGLIA;1815;1846;3661
6960;SOMANO;179;182;361
6961;SOMMA LOMBARDO;8227;8678;16905
6962;SOMMA VESUVIANA;16945;17647;34592
6963;SOMMACAMPAGNA;7281;7334;14615
6964;SOMMARIVA DEL BOSCO;3134;3260;6394
6965;SOMMARIVA PERNO;1365;1463;2828
6966;SOMMATINO;3470;3797;7267
6967;SOMMO;568;578;1146
6968;SONA;8436;8594;17030
6969;SONCINO;3791;3908;7699
6970;SONDALO;2039;2198;4237
6971;SONDRIO;10083;11559;21642
6972;SONGAVAZZO;348;354;702
6973;SONICO;648;622;1270
6974;SONNINO;3637;3642;7279
6975;SOPRANA;358;396;754
6976;SORA;12693;13554;26247
6977;SORAGA DI FASSA;384;352;736
6978;SORAGNA;2455;2417;4872
6979;SORANO;1746;1850;3596
6980;SORBO SAN BASILE;393;434;827
6981;SORBO SERPICO;284;310;594
6982;SORBOLO;4719;4883;9602
6983;SORDEVOLO;633;697;1330
6984;SORDIO;1581;1568;3149
6985;SORESINA;4335;4660;8995
6986;SORGA';1546;1566;3112
6987;SORGONO;876;877;1753
6988;SORI;2097;2307;4404
6989;SORIANELLO;609;601;1210
6990;SORIANO CALABRO;1192;1280;2472
6991;SORIANO NEL CIMINO;4175;4369;8544
6992;SORICO;604;630;1234
6993;SORISO;383;398;781
6994;SORISOLE;4520;4577;9097
6995;SORMANO;332;301;633
6996;SORRADILE;195;222;417
6997;SORRENTO;7871;8692;16563
6998;SORSO;7147;7153;14300
6999;SORTINO;4417;4490;8907
7000;SOSPIRO;1653;1583;3236
7001;SOSPIROLO;1570;1643;3213
7002;SOSSANO;2228;2173;4401
7003;SOSTEGNO;348;403;751
7004;SOTTO IL MONTE GIOVANNI XXIII;2148;2143;4291
7005;SOVER;436;446;882
7006;SOVERATO;4135;4706;8841
7007;SOVERE;2704;2805;5509
7008;SOVERIA MANNELLI;1516;1621;3137
7009;SOVERIA SIMERI;801;842;1643
7010;SOVERZENE;207;211;418
7011;SOVICILLE;4772;5163;9935
7012;SOVICO;3871;4198;8069
7013;SOVIZZO;3487;3547;7034
7014;SOVRAMONTE;721;793;1514
7015;SOZZAGO;506;549;1055
7016;SPADAFORA;2461;2630;5091
7017;SPADOLA;429;429;858
7018;SPARANISE;3617;3892;7509
7019;SPARONE;524;561;1085
7020;SPECCHIA;2322;2485;4807
7021;SPELLO;4154;4477;8631
7022;SPERA;280;305;585
7023;SPERLINGA;407;426;833
7024;SPERLONGA;1626;1708;3334
7025;SPERONE;1768;1887;3655
7026;SPESSA;296;306;602
7027;SPEZZANO ALBANESE;3549;3608;7157
7028;SPEZZANO DELLA SILA;2233;2257;4490
7029;SPEZZANO PICCOLO;1023;1061;2084
7030;SPIAZZO;614;701;1315
7031;SPIGNO MONFERRATO;559;567;1126
7032;SPIGNO SATURNIA;1416;1487;2903
7033;SPILAMBERTO;6066;6064;12130
7034;SPILIMBERGO;5812;6090;11902
7035;SPILINGA;720;750;1470
7036;SPINADESCO;786;789;1575
7037;SPINAZZOLA;3223;3532;6755
7038;SPINEA;12875;13987;26862
7039;SPINEDA;305;328;633
7040;SPINETE;675;698;1373
7041;SPINETO SCRIVIA;167;165;332
7042;SPINETOLI;3484;3624;7108
7043;SPINO D'ADDA;3412;3439;6851
7044;SPINONE AL LAGO;527;511;1038
7045;SPINOSO;748;807;1555
7046;SPIRANO;2863;2776;5639
7047;SPOLETO;18543;19886;38429
7048;SPOLTORE;9121;9445;18566
7049;SPONGANO;1768;1974;3742
7050;SPORMAGGIORE;658;601;1259
7051;SPORMINORE;360;354;714
7052;SPOTORNO;1816;2070;3886
7053;SPRESIANO;5692;5967;11659
7054;SPRIANA;52;49;101
7055;SQUILLACE;1677;1723;3400
7056;SQUINZANO;6877;7605;14482
7057;STAFFOLO;1109;1181;2290
7058;STAGNO LOMBARDO;783;787;1570
7059;STAITI;124;155;279
7060;STALETTI';1206;1237;2443
7061;STANGHELLA;2125;2206;4331
7062;STARANZANO;3534;3665;7199
7063;STATTE;7004;7190;14194
7064;STAZZANO;1178;1247;2425
7065;STAZZEMA;1616;1702;3318
7066;STAZZONA;319;315;634
7067;STEFANACONI;1224;1302;2526
7068;STELLA;1541;1525;3066
7069;STELLA CILENTO;378;396;774
7070;STELLANELLO;445;413;858
7071;STELVIO/STILFS;604;586;1190
7072;STENICO;581;556;1137
7073;STERNATIA;1118;1308;2426
7074;STEZZANO;6250;6373;12623
7075;STIA;1423;1481;2904
7076;STIENTA;1628;1701;3329
7077;STIGLIANO;2203;2482;4685
7078;STIGNANO;667;673;1340
7079;STILO;1371;1316;2687
7080;STIMIGLIANO;1106;1135;2241
7081;STINTINO;782;719;1501
7082;STIO;460;482;942
7083;STORNARA;2616;2690;5306
7084;STORNARELLA;2450;2572;5022
7085;STORO;2277;2378;4655
7086;STRA;3656;3910;7566
7087;STRADELLA;5537;6102;11639
7088;STRAMBINELLO;118;146;264
7089;STRAMBINO;3013;3323;6336
7090;STRANGOLAGALLI;1225;1276;2501
7091;STREGNA;208;190;398
7092;STREMBO;257;274;531
7093;STRESA;2288;2528;4816
7094;STREVI;994;1045;2039
7095;STRIANO;4069;4135;8204
7096;STRIGNO;688;771;1459
7097;STRONA;570;587;1157
7098;STRONCONE;2430;2494;4924
7099;STRONGOLI;3191;3295;6486
7100;STROPPIANA;615;643;1258
7101;STROPPO;54;53;107
7102;STROZZA;546;520;1066
7103;STURNO;1524;1615;3139
7104;SUARDI;315;336;651
7105;SUBBIANO;3146;3153;6299
7106;SUBIACO;4407;4659;9066
7107;SUCCIVO;4035;4113;8148
7108;SUEGLIO;69;78;147
7109;SUELLI;572;563;1135
7110;SUELLO;844;842;1686
7111;SUISIO;1965;1908;3873
7112;SULBIATE;2014;2053;4067
7113;SULMONA;11579;12696;24275
7114;SULZANO;939;953;1892
7115;SUMIRAGO;3066;3188;6254
7116;SUMMONTE;801;812;1613
7117;SUNI;521;609;1130
7118;SUNO;1348;1460;2808
7119;SUPERSANO;2222;2287;4509
7120;SUPINO;2402;2491;4893
7121;SURANO;784;914;1698
7122;SURBO;7226;7623;14849
7123;SUSA;3163;3466;6629
7124;SUSEGANA;5758;5944;11702
7125;SUSTINENTE;1051;1189;2240
7126;SUTERA;655;781;1436
7127;SUTRI;3210;3342;6552
7128;SUTRIO;677;694;1371
7129;SUVERETO;1532;1610;3142
7130;SUZZARA;10085;10460;20545
7131;TACENO;292;249;541
7132;TADASUNI;91;93;184
7133;TAGGIA;6626;7406;14032
7134;TAGLIACOZZO;3385;3554;6939
7135;TAGLIO DI PO;4190;4305;8495
7136;TAGLIOLO MONFERRATO;817;789;1606
7137;TAIBON AGORDINO;866;922;1788
7138;TAINO;1865;1897;3762
7139;TAIO;1478;1480;2958
7140;TAIPANA;355;324;679
7141;TALAMELLO;501;559;1060
7142;TALAMONA;2347;2421;4768
7143;TALANA;524;545;1069
7144;TALEGGIO;305;298;603
7145;TALLA;577;553;1130
7146;TALMASSONS;2028;2116;4144
7147;TAMBRE;706;719;1425
7148;TAORMINA;5368;5716;11084
7149;TARANO;698;733;1431
7150;TARANTA PELIGNA;197;202;399
7151;TARANTASCA;1049;960;2009
7152;TARANTO;95375;104779;200154
7153;TARCENTO;4311;4784;9095
7154;TARQUINIA;7771;8245;16016
7155;TARSIA;1062;1077;2139
7156;TARTANO;99;91;190
7157;TARVISIO;2352;2225;4577
7158;TARZO;2193;2390;4583
7159;TASSAROLO;324;312;636
7160;TASSULLO;926;994;1920
7161;TAURANO;781;819;1600
7162;TAURASI;1208;1236;2444
7163;TAURIANOVA;7417;7893;15310
7164;TAURISANO;6104;6539;12643
7165;TAVAGNACCO;6785;7477;14262
7166;TAVAGNASCO;399;414;813
7167;TAVARNELLE VAL DI PESA;3753;3922;7675
7168;TAVAZZANO CON VILLAVESCO;2983;3116;6099
7169;TAVENNA;380;435;815
7170;TAVERNA;1357;1348;2705
7171;TAVERNERIO;2799;2906;5705
7172;TAVERNOLA BERGAMASCA;1098;1042;2140
7173;TAVERNOLE SUL MELLA;688;671;1359
7174;TAVIANO;5988;6504;12492
7175;TAVIGLIANO;492;468;960
7176;TAVOLETO;421;473;894
7177;TAVULLIA;3957;3909;7866
7178;TEANA;302;343;645
7179;TEANO;6120;6467;12587
7180;TEGGIANO;3926;4256;8182
7181;TEGLIO;2301;2353;4654
7182;TEGLIO VENETO;1155;1170;2325
7183;TELESE TERME;3325;3639;6964
7184;TELGATE;2547;2310;4857
7185;TELTI;1124;1098;2222
7186;TELVE;947;1048;1995
7187;TELVE DI SOPRA;310;307;617
7188;TEMPIO PAUSANIA;6832;7114;13946
7189;TEMU';529;554;1083
7190;TENNA;454;501;955
7191;TENNO;961;1006;1967
7192;TEOLO;4314;4552;8866
7193;TEOR;981;973;1954
7194;TEORA;763;780;1543
7195;TERAMO;26109;28185;54294
7196;TERDOBBIATE;244;256;500
7197;TERELLE;226;234;460
7198;TERENTO/TERENTEN;897;836;1733
7199;TERENZO;635;560;1195
7200;TERGU;305;309;614
7201;TERLAGO;940;943;1883
7202;TERLANO/TERLAN;2022;2117;4139
7203;TERLIZZI;13422;13564;26986
7204;TERME VIGLIATORE;3558;3655;7213
7205;TERMENO SULLA STRADA DEL VINO/TRAMIN AN DER WEINSTRASSE;1629;1676;3305
7206;TERMINI IMERESE;12710;13491;26201
7207;TERMOLI;15976;16817;32793
7208;TERNATE;1215;1259;2474
7209;TERNENGO;142;156;298
7210;TERNI;51292;57901;109193
7211;TERNO D'ISOLA;3857;3808;7665
7212;TERRACINA;21740;22493;44233
7213;TERRAGNOLO;385;370;755
7214;TERRALBA;5210;5230;10440
7215;TERRANOVA DA SIBARI;2479;2520;4999
7216;TERRANOVA DEI PASSERINI;483;423;906
7217;TERRANOVA DI POLLINO;652;672;1324
7218;TERRANOVA SAPPO MINULIO;277;272;549
7219;TERRANUOVA BRACCIOLINI;6057;6245;12302
7220;TERRASINI;5925;6060;11985
7221;TERRASSA PADOVANA;1334;1291;2625
7222;TERRAVECCHIA;508;511;1019
7223;TERRAZZO;1124;1166;2290
7224;TERRES;148;159;307
7225;TERRICCIOLA;2205;2306;4511
7226;TERRUGGIA;412;489;901
7227;TERTENIA;1906;1909;3815
7228;TERZIGNO;8543;8824;17367
7229;TERZO;459;448;907
7230;TERZO D'AQUILEIA;1406;1475;2881
7231;TERZOLAS;285;321;606
7232;TERZORIO;113;119;232
7233;TESERO;1405;1463;2868
7234;TESIMO/TISENS;908;946;1854
7235;TESSENNANO;181;169;350
7236;TESTICO;106;106;212
7237;TETI;361;329;690
7238;TEULADA;1935;1838;3773
7239;TEVEROLA;6717;6893;13610
7240;TEZZE SUL BRENTA;6317;6283;12600
7241;THIENE;11244;12010;23254
7242;THIESI;1464;1541;3005
7243;TIANA;261;260;521
7244;TICENGO;216;232;448
7245;TICINETO;689;735;1424
7246;TIGGIANO;1454;1477;2931
7247;TIGLIETO;298;282;580
7248;TIGLIOLE;843;891;1734
7249;TIGNALE;609;689;1298
7250;TINNURA;129;139;268
7251;TIONE DEGLI ABRUZZI;164;162;326
7252;TIONE DI TRENTO;1742;1866;3608
7253;TIRANO;4318;4755;9073
7254;TIRES/TIERS;474;493;967
7255;TIRIOLO;1878;2019;3897
7256;TIROLO/TIROL;1225;1225;2450
7257;TISSI;1148;1141;2289
7258;TITO;3574;3598;7172
7259;TIVOLI;25477;27433;52910
7260;TIZZANO VAL PARMA;1056;1057;2113
7261;TOANO;2290;2168;4458
7262;TOCCO CAUDIO;761;782;1543
7263;TOCCO DA CASAURIA;1332;1389;2721
7264;TOCENO;384;387;771
7265;TODI;8164;8736;16900
7266;TOFFIA;497;505;1002
7267;TOIRANO;1308;1361;2669
7268;TOLENTINO;9862;10474;20336
7269;TOLFA;2583;2564;5147
7270;TOLLEGNO;1292;1353;2645
7271;TOLLO;2001;2070;4071
7272;TOLMEZZO;5101;5469;10570
7273;TOLVE;1697;1664;3361
7274;TOMBOLO;4083;4144;8227
7275;TON;700;619;1319
7276;TONADICO;713;766;1479
7277;TONARA;1035;1081;2116
7278;TONCO;446;453;899
7279;TONENGO;103;94;197
7280;TONEZZA DEL CIMONE;289;288;577
7281;TORA E PICCILLI;444;503;947
7282;TORANO CASTELLO;2255;2318;4573
7283;TORANO NUOVO;792;866;1658
7284;TORBOLE CASAGLIA;3204;3166;6370
7285;TORCEGNO;339;358;697
7286;TORCHIARA;867;936;1803
7287;TORCHIAROLO;2663;2798;5461
7288;TORELLA DEI LOMBARDI;1102;1123;2225
7289;TORELLA DEL SANNIO;393;401;794
7290;TORGIANO;3173;3347;6520
7291;TORGNON;267;250;517
7292;TORINO;412643;459724;872367
7293;TORINO DI SANGRO;1471;1570;3041
7294;TORITTO;4184;4367;8551
7295;TORLINO VIMERCATI;222;227;449
7296;TORNACO;413;463;876
7297;TORNARECCIO;938;994;1932
7298;TORNATA;246;245;491
7299;TORNIMPARTE;1549;1547;3096
7300;TORNO;580;623;1203
7301;TORNOLO;552;550;1102
7302;TORO;709;741;1450
7303;TORPE';1467;1424;2891
7304;TORRACA;628;639;1267
7305;TORRALBA;487;511;998
7306;TORRAZZA COSTE;833;860;1693
7307;TORRAZZA PIEMONTE;1407;1409;2816
7308;TORRAZZO;107;117;224
7309;TORRE ANNUNZIATA;20943;22578;43521
7310;TORRE BERETTI E CASTELLARO;293;295;588
7311;TORRE BOLDONE;4023;4310;8333
7312;TORRE BORMIDA;108;103;211
7313;TORRE CAJETANI;695;693;1388
7314;TORRE CANAVESE;284;305;589
7315;TORRE D'ARESE;499;478;977
7316;TORRE D'ISOLA;1178;1217;2395
7317;TORRE DE' BUSI;1011;996;2007
7318;TORRE DE' NEGRI;175;172;347
7319;TORRE DE' PASSERI;1505;1669;3174
7320;TORRE DE' PICENARDI;878;891;1769
7321;TORRE DE' ROVERI;1168;1142;2310
7322;TORRE DEL GRECO;41625;44297;85922
7323;TORRE DI MOSTO;2352;2387;4739
7324;TORRE DI RUGGIERO;544;587;1131
7325;TORRE DI SANTA MARIA;402;422;824
7326;TORRE LE NOCELLE;660;700;1360
7327;TORRE MONDOVI';238;256;494
7328;TORRE ORSAIA;1085;1100;2185
7329;TORRE PALLAVICINA;549;565;1114
7330;TORRE PELLICE;2111;2462;4573
7331;TORRE SAN GIORGIO;344;365;709
7332;TORRE SAN PATRIZIO;1030;1048;2078
7333;TORRE SANTA SUSANNA;5148;5555;10703
7334;TORREANO;1079;1134;2213
7335;TORREBELVICINO;2941;3048;5989
7336;TORREBRUNA;438;486;924
7337;TORRECUSO;1702;1737;3439
7338;TORREGLIA;3074;3132;6206
7339;TORREGROTTA;3554;3872;7426
7340;TORREMAGGIORE;8523;8842;17365
7341;TORRENOVA;2062;2178;4240
7342;TORRESINA;30;35;65
7343;TORRETTA;2014;2127;4141
7344;TORREVECCHIA PIA;1743;1684;3427
7345;TORREVECCHIA TEATINA;2024;2068;4092
7346;TORRI DEL BENACO;1356;1446;2802
7347;TORRI DI QUARTESOLO;5819;5936;11755
7348;TORRI IN SABINA;618;631;1249
7349;TORRIANA;815;780;1595
7350;TORRICE;2256;2352;4608
7351;TORRICELLA;2114;2119;4233
7352;TORRICELLA DEL PIZZO;336;342;678
7353;TORRICELLA IN SABINA;698;707;1405
7354;TORRICELLA PELIGNA;660;731;1391
7355;TORRICELLA SICURA;1292;1378;2670
7356;TORRICELLA VERZATE;410;427;837
7357;TORRIGLIA;1179;1213;2392
7358;TORRILE;3718;3740;7458
7359;TORRIONI;293;285;578
7360;TORRITA DI SIENA;3599;3758;7357
7361;TORRITA TIBERINA;522;549;1071
7362;TORTOLI';5296;5447;10743
7363;TORTONA;12246;13740;25986
7364;TORTORA;2935;3062;5997
7365;TORTORELLA;269;294;563
7366;TORTORETO;5075;5367;10442
7367;TORTORICI;3313;3419;6732
7368;TORVISCOSA;1479;1490;2969
7369;TOSCOLANO-MADERNO;3764;4230;7994
7370;TOSSICIA;673;745;1418
7371;TOVO DI SANT'AGATA;315;309;624
7372;TOVO SAN GIACOMO;1233;1256;2489
7373;TRABIA;5229;5131;10360
7374;TRADATE;8579;9150;17729
7375;TRAMATZA;501;496;997
7376;TRAMBILENO;666;689;1355
7377;TRAMONTI;2002;2078;4080
7378;TRAMONTI DI SOPRA;172;186;358
7379;TRAMONTI DI SOTTO;208;202;410
7380;TRAMUTOLA;1522;1633;3155
7381;TRANA;1913;1968;3881
7382;TRANI;27627;28215;55842
7383;TRANSACQUA;1048;1088;2136
7384;TRAONA;1285;1251;2536
7385;TRAPANI;33199;36042;69241
7386;TRAPPETO;1576;1635;3211
7387;TRAREGO VIGGIONA;199;193;392
7388;TRASACCO;3089;3055;6144
7389;TRASAGHIS;1149;1149;2298
7390;TRASQUERA;109;102;211
7391;TRATALIAS;544;563;1107
7392;TRAUSELLA;59;72;131
7393;TRAVACO' SICCOMARIO;2124;2237;4361
7394;TRAVAGLIATO;6683;6764;13447
7395;TRAVEDONA-MONATE;1954;2068;4022
7396;TRAVERSELLA;170;180;350
7397;TRAVERSETOLO;4536;4739;9275
7398;TRAVES;278;275;553
7399;TRAVESIO;869;945;1814
7400;TRAVO;981;1012;1993
7401;TREBASELEGHE;6273;6306;12579
7402;TREBISACCE;4231;4503;8734
7403;TRECASALI;1837;1895;3732
7404;TRECASE;4501;4617;9118
7405;TRECASTAGNI;5141;5341;10482
7406;TRECATE;9720;10136;19856
7407;TRECCHINA;1110;1212;2322
7408;TRECENTA;1413;1543;2956
7409;TREDOZIO;627;632;1259
7410;TREGLIO;779;796;1575
7411;TREGNAGO;2425;2501;4926
7412;TREIA;4820;4925;9745
7413;TREISO;418;402;820
7414;TREMENICO;81;105;186
7415;TREMESTIERI ETNEO;10065;10967;21032
7416;TREMEZZO;605;653;1258
7417;TREMOSINE SUL GARDA;1061;1064;2125
7418;TRENTA;1327;1395;2722
7419;TRENTINARA;835;848;1683
7420;TRENTO;54321;59877;114198
7421;TRENTOLA DUCENTA;8817;8980;17797
7422;TRENZANO;2773;2707;5480
7423;TREPPO CARNICO;325;317;642
7424;TREPPO GRANDE;832;909;1741
7425;TREPUZZI;6738;7539;14277
7426;TREQUANDA;658;681;1339
7427;TRES;347;371;718
7428;TRESANA;1010;1075;2085
7429;TRESCORE BALNEARIO;4649;4778;9427
7430;TRESCORE CREMASCO;1412;1470;2882
7431;TRESIGALLO;2136;2425;4561
7432;TRESIVIO;986;1016;2002
7433;TRESNURAGHES;569;646;1215
7434;TREVENZUOLO;1359;1372;2731
7435;TREVI;4070;4265;8335
7436;TREVI NEL LAZIO;922;931;1853
7437;TREVICO;539;533;1072
7438;TREVIGLIO;13758;14652;28410
7439;TREVIGNANO;5269;5296;10565
7440;TREVIGNANO ROMANO;2531;2743;5274
7441;TREVILLE;133;138;271
7442;TREVIOLO;5065;5237;10302
7443;TREVISO;37765;43249;81014
7444;TREVISO BRESCIANO;276;290;566
7445;TREZZANO ROSA;2401;2460;4861
7446;TREZZANO SUL NAVIGLIO;9761;10257;20018
7447;TREZZO SULL'ADDA;5742;6141;11883
7448;TREZZO TINELLA;170;171;341
7449;TREZZONE;119;118;237
7450;TRIBANO;2202;2229;4431
7451;TRIBIANO;1664;1648;3312
7452;TRIBOGNA;311;309;620
7453;TRICARICO;2768;2901;5669
7454;TRICASE;8466;9199;17665
7455;TRICERRO;354;355;709
7456;TRICESIMO;3628;3981;7609
7457;TRICHIANA;2312;2520;4832
7458;TRIEI;595;531;1126
7459;TRIESTE;94803;107320;202123
7460;TRIGGIANO;13158;13849;27007
7461;TRIGOLO;863;897;1760
7462;TRINITA';1082;1106;2188
7463;TRINITA' D'AGULTU E VIGNOLA;1043;1112;2155
7464;TRINITAPOLI;6922;7371;14293
7465;TRINO;3604;3833;7437
7466;TRIORA;177;197;374
7467;TRIPI;440;493;933
7468;TRISOBBIO;316;355;671
7469;TRISSINO;4359;4261;8620
7470;TRIUGGIO;4260;4286;8546
7471;TRIVENTO;2355;2457;4812
7472;TRIVERO;2945;3199;6144
7473;TRIVIGLIANO;838;855;1693
7474;TRIVIGNANO UDINESE;839;850;1689
7475;TRIVIGNO;344;370;714
7476;TRIVOLZIO;1018;1018;2036
7477;TRODENA NEL PARCO NATURALE/TRUDEN IM NATURPARK;488;533;1021
7478;TROFARELLO;5264;5647;10911
7479;TROIA;3553;3777;7330
7480;TROINA;4626;5002;9628
7481;TROMELLO;1843;1985;3828
7482;TRONTANO;841;861;1702
7483;TRONZANO LAGO MAGGIORE;120;134;254
7484;TRONZANO VERCELLESE;1716;1842;3558
7485;TROPEA;3166;3389;6555
7486;TROVO;520;503;1023
7487;TRUCCAZZANO;3072;2896;5968
7488;TUBRE/TAUFERS IM MUNSTERTAL;475;490;965
7489;TUENNO;1176;1198;2374
7490;TUFARA;471;507;978
7491;TUFILLO;221;247;468
7492;TUFINO;1880;1905;3785
7493;TUFO;440;484;924
7494;TUGLIE;2480;2784;5264
7495;TUILI;530;532;1062
7496;TULA;812;786;1598
7497;TUORO SUL TRASIMENO;1852;1998;3850
7498;TURANIA;139;106;245
7499;TURANO LODIGIANO;777;761;1538
7500;TURATE;4383;4590;8973
7501;TURBIGO;3556;3833;7389
7502;TURI;6249;6499;12748
7503;TURRI;219;223;442
7504;TURRIACO;1370;1410;2780
7505;TURRIVALIGNANI;428;456;884
7506;TURSI;2560;2591;5151
7507;TUSA;1469;1582;3051
7508;TUSCANIA;3911;4234;8145
7509;UBIALE CLANEZZO;723;676;1399
7510;UBOLDO;5224;5222;10446
7511;UCRIA;511;594;1105
7512;UDINE;45505;52782;98287
7513;UGENTO;5793;6208;12001
7514;UGGIANO LA CHIESA;2100;2379;4479
7515;UGGIATE-TREVANO;2201;2250;4451
7516;ULA TIRSO;283;297;580
7517;ULASSAI;745;772;1517
7518;ULTIMO/ULTEN;1485;1435;2920
7519;UMBERTIDE;7979;8502;16481
7520;UMBRIATICO;473;456;929
7521;URAGO D'OGLIO;1976;1901;3877
7522;URAS;1457;1503;2960
7523;URBANA;1082;1104;2186
7524;URBANIA;3440;3637;7077
7525;URBE;368;401;769
7526;URBINO;7497;8004;15501
7527;URBISAGLIA;1349;1363;2712
7528;URGNANO;4862;4687;9549
7529;URI;1544;1472;3016
7530;URURI;1309;1484;2793
7531;URZULEI;632;663;1295
7532;USCIO;1123;1152;2275
7533;USELLUS;437;417;854
7534;USINI;2199;2122;4321
7535;USMATE VELATE;4976;5057;10033
7536;USSANA;2146;2139;4285
7537;USSARAMANNA;286;270;556
7538;USSASSAI;292;307;599
7539;USSEAUX;97;88;185
7540;USSEGLIO;113;106;219
7541;USSITA;204;216;420
7542;USTICA;633;654;1287
7543;UTA;3977;3882;7859
7544;UZZANO;2771;2919;5690
7545;VACCARIZZO ALBANESE;582;602;1184
7546;VACONE;137;127;264
7547;VACRI;835;867;1702
7548;VADENA/PFATTEN;513;503;1016
7549;VADO LIGURE;3937;4295;8232
7550;VAGLI SOTTO;508;483;991
7551;VAGLIA;2453;2612;5065
7552;VAGLIO BASILICATA;989;1085;2074
7553;VAGLIO SERRA;149;135;284
7554;VAIANO;4772;5049;9821
7555;VAIANO CREMASCO;1944;1925;3869
7556;VAIE;724;731;1455
7557;VAILATE;2222;2238;4460
7558;VAIRANO PATENORA;3219;3439;6658
7559;VAJONT;879;836;1715
7560;VAL DELLA TORRE;1946;1866;3812
7561;VAL DI NIZZA;324;331;655
7562;VAL DI VIZZE/PFITSCH;1378;1358;2736
7563;VAL MASINO;470;469;939
7564;VAL REZZO;94;85;179
7565;VALBONDIONE;541;544;1085
7566;VALBREMBO;1902;1984;3886
7567;VALBREVENNA;447;365;812
7568;VALBRONA;1297;1359;2656
7569;VALDA;102;125;227
7570;VALDAGNO;12697;13878;26575
7571;VALDAORA/OLANG;1552;1558;3110
7572;VALDASTICO;661;728;1389
7573;VALDENGO;1248;1284;2532
7574;VALDERICE;5808;6143;11951
7575;VALDIDENTRO;2033;2012;4045
7576;VALDIERI;476;448;924
7577;VALDINA;660;692;1352
7578;VALDISOTTO;1767;1766;3533
7579;VALDOBBIADENE;5153;5537;10690
7580;VALDUGGIA;1051;1066;2117
7581;VALEGGIO;130;106;236
7582;VALEGGIO SUL MINCIO;7131;7169;14300
7583;VALENTANO;1384;1511;2895
7584;VALENZA;9338;10333;19671
7585;VALENZANO;8750;9147;17897
7586;VALERA FRATTA;835;834;1669
7587;VALFABBRICA;1700;1802;3502
7588;VALFENERA;1268;1251;2519
7589;VALFLORIANA;262;268;530
7590;VALFURVA;1331;1372;2703
7591;VALGANNA;780;804;1584
7592;VALGIOIE;504;444;948
7593;VALGOGLIO;299;308;607
7594;VALGRANA;412;405;817
7595;VALGREGHENTINO;1695;1715;3410
7596;VALGRISENCHE;104;94;198
7597;VALGUARNERA CAROPEPE;3867;4315;8182
7598;VALLADA AGORDINA;241;273;514
7599;VALLANZENGO;116;123;239
7600;VALLARSA;701;642;1343
7601;VALLATA;1383;1473;2856
7602;VALLE AGRICOLA;474;501;975
7603;VALLE AURINA/AHRNTAL;2976;2934;5910
7604;VALLE CASTELLANA;535;494;1029
7605;VALLE DELL'ANGELO;129;151;280
7606;VALLE DI CADORE;965;1087;2052
7607;VALLE DI CASIES/GSIES;1147;1115;2262
7608;VALLE DI MADDALONI;1367;1440;2807
7609;VALLE LOMELLINA;1053;1100;2153
7610;VALLE MOSSO;1675;1851;3526
7611;VALLE SALIMBENE;769;768;1537
7612;VALLE SAN NICOLAO;551;535;1086
7613;VALLEBONA;659;673;1332
7614;VALLECORSA;1384;1416;2800
7615;VALLECROSIA;3338;3694;7032
7616;VALLEDOLMO;1784;1963;3747
7617;VALLEDORIA;2081;2010;4091
7618;VALLEFIORITA;880;969;1849
7619;VALLELONGA;341;341;682
7620;VALLELUNGA PRATAMENO;1712;1929;3641
7621;VALLEMAIO;500;502;1002
7622;VALLEPIETRA;154;152;306
7623;VALLERANO;1263;1350;2613
7624;VALLERMOSA;992;952;1944
7625;VALLEROTONDA;795;876;1671
7626;VALLESACCARDA;700;718;1418
7627;VALLEVE;66;70;136
7628;VALLI DEL PASUBIO;1697;1648;3345
7629;VALLINFREDA;152;165;317
7630;VALLIO TERME;685;687;1372
7631;VALLO DELLA LUCANIA;4129;4551;8680
7632;VALLO DI NERA;192;209;401
7633;VALLO TORINESE;397;388;785
7634;VALLORIATE;65;56;121
7635;VALMACCA;496;559;1055
7636;VALMADRERA;5671;5941;11612
7637;VALMALA;42;22;64
7638;VALMONTONE;7347;7628;14975
7639;VALMOREA;1296;1360;2656
7640;VALMOZZOLA;275;292;567
7641;VALNEGRA;103;104;207
7642;VALPELLINE;347;308;655
7643;VALPERGA;1492;1671;3163
7644;VALPRATO SOANA;51;61;112
7645;VALSAVARENCHE;90;97;187
7646;VALSECCA;217;204;421
7647;VALSINNI;784;850;1634
7648;VALSOLDA;822;825;1647
7649;VALSTAGNA;915;936;1851
7650;VALSTRONA;635;633;1268
7651;VALTOPINA;720;766;1486
7652;VALTORTA;150;142;292
7653;VALTOURNENCHE;1119;1028;2147
7654;VALVA;844;868;1712
7655;VALVASONE;1063;1127;2190
7656;VALVERDE;3760;3954;7714
7657;VALVERDE;148;151;299
7658;VALVESTINO;106;106;212
7659;VANDOIES/VINTL;1645;1606;3251
7660;VANZAGHELLO;2603;2741;5344
7661;VANZAGO;4375;4539;8914
7662;VANZONE CON SAN CARLO;211;224;435
7663;VAPRIO D'ADDA;4012;4114;8126
7664;VAPRIO D'AGOGNA;491;524;1015
7665;VARALLO;3557;3928;7485
7666;VARALLO POMBIA;2451;2553;5004
7667;VARANO BORGHI;1166;1252;2418
7668;VARANO DE' MELEGARI;1318;1371;2689
7669;VARAPODIO;1094;1129;2223
7670;VARAZZE;6478;6983;13461
7671;VARCO SABINO;113;97;210
7672;VAREDO;6235;6538;12773
7673;VARENA;422;423;845
7674;VARENNA;384;381;765
7675;VARESE;37517;42276;79793
7676;VARESE LIGURE;996;1107;2103
7677;VARISELLA;406;424;830
7678;VARMO;1425;1405;2830
7679;VARNA/VAHRN;2083;2170;4253
7680;VARSI;629;652;1281
7681;VARZI;1597;1808;3405
7682;VARZO;1034;1072;2106
7683;VAS;412;415;827
7684;VASANELLO;2052;2109;4161
7685;VASIA;212;212;424
7686;VASTO;18906;19841;38747
7687;VASTOGIRARDI;354;374;728
7688;VATTARO;593;574;1167
7689;VAUDA CANAVESE;722;743;1465
7690;VAZZANO;535;571;1106
7691;VAZZOLA;3486;3523;7009
7692;VECCHIANO;5972;6394;12366
7693;VEDANO AL LAMBRO;3582;3844;7426
7694;VEDANO OLONA;3542;3759;7301
7695;VEDDASCA;112;138;250
7696;VEDELAGO;8259;8175;16434
7697;VEDESETA;113;97;210
7698;VEDUGGIO CON COLZANO;2248;2186;4434
7699;VEGGIANO;2294;2249;4543
7700;VEGLIE;6827;7477;14304
7701;VEGLIO;278;288;566
7702;VEJANO;1123;1175;2298
7703;VELESO;137;137;274
7704;VELEZZO LOMELLINA;55;46;101
7705;VELLETRI;25532;26763;52295
7706;VELLEZZO BELLINI;1528;1538;3066
7707;VELO D'ASTICO;1180;1220;2400
7708;VELO VERONESE;418;363;781
7709;VELTURNO/FELDTHURNS;1374;1368;2742
7710;VENAFRO;5450;5786;11236
7711;VENARIA REALE;16396;17345;33741
7712;VENAROTTA;1041;1105;2146
7713;VENASCA;723;749;1472
7714;VENAUS;471;488;959
7715;VENDONE;193;210;403
7716;VENDROGNO;153;166;319
7717;VENEGONO INFERIORE;3047;3191;6238
7718;VENEGONO SUPERIORE;3535;3645;7180
7719;VENETICO;1856;1999;3855
7720;VENEZIA;122640;138722;261362
7721;VENIANO;1434;1453;2887
7722;VENOSA;6018;6149;12167
7723;VENTICANO;1212;1320;2532
7724;VENTIMIGLIA;11552;12374;23926
7725;VENTIMIGLIA DI SICILIA;1023;1057;2080
7726;VENTOTENE;366;325;691
7727;VENZONE;1119;1111;2230
7728;VERANO BRIANZA;4587;4688;9275
7729;VERANO/VORAN;509;420;929
7730;VERBANIA;14191;16141;30332
7731;VERBICARO;1569;1643;3212
7732;VERCANA;378;373;751
7733;VERCEIA;554;539;1093
7734;VERCELLI;21831;24477;46308
7735;VERCURAGO;1350;1483;2833
7736;VERDELLINO;4046;3608;7654
7737;VERDELLO;3891;3857;7748
7738;VERDERIO INFERIORE;1474;1478;2952
7739;VERDERIO SUPERIORE;1339;1368;2707
7740;VERDUNO;284;293;577
7741;VERGATO;3726;3916;7642
7742;VERGEMOLI;158;170;328
7743;VERGHERETO;1009;965;1974
7744;VERGIATE;4385;4582;8967
7745;VERMEZZO;1868;1961;3829
7746;VERMIGLIO;909;960;1869
7747;VERNANTE;582;635;1217
7748;VERNASCA;1101;1140;2241
7749;VERNATE;1595;1586;3181
7750;VERNAZZA;448;493;941
7751;VERNIO;2915;3097;6012
7752;VERNOLE;3474;3822;7296
7753;VEROLANUOVA;4031;4102;8133
7754;VEROLAVECCHIA;1943;1932;3875
7755;VEROLENGO;2436;2526;4962
7756;VEROLI;10244;10519;20763
7757;VERONA;118775;133745;252520
7758;VERONELLA;2332;2338;4670
7759;VERRAYES;685;659;1344
7760;VERRETTO;198;188;386
7761;VERRONE;631;622;1253
7762;VERRUA PO;644;675;1319
7763;VERRUA SAVOIA;719;740;1459
7764;VERRES;1316;1395;2711
7765;VERTEMATE CON MINOPRIO;1969;2013;3982
7766;VERTOVA;2354;2490;4844
7767;VERUCCHIO;5018;4942;9960
7768;VERUNO;900;944;1844
7769;VERVIO;104;105;209
7770;VERVO';349;363;712
7771;VERZEGNIS;449;457;906
7772;VERZINO;958;1021;1979
7773;VERZUOLO;3122;3287;6409
7774;VESCOVANA;855;862;1717
7775;VESCOVATO;1963;2028;3991
7776;VESIME;333;328;661
7777;VESPOLATE;1012;1055;2067
7778;VESSALICO;150;137;287
7779;VESTENANOVA;1344;1274;2618
7780;VESTIGNE';402;428;830
7781;VESTONE;2217;2244;4461
7782;VESTRENO;162;145;307
7783;VETRALLA;6524;6983;13507
7784;VETTO;980;976;1956
7785;VEZZA D'ALBA;1128;1078;2206
7786;VEZZA D'OGLIO;725;751;1476
7787;VEZZANO;1080;1103;2183
7788;VEZZANO LIGURE;3574;3817;7391
7789;VEZZANO SUL CROSTOLO;2048;2166;4214
7790;VEZZI PORTIO;401;409;810
7791;VIADANA;9502;9655;19157
7792;VIADANICA;542;542;1084
7793;VIAGRANDE;4014;4141;8155
7794;VIALE;132;129;261
7795;VIALFRE';122;132;254
7796;VIANO;1692;1685;3377
7797;VIAREGGIO;28974;32883;61857
7798;VIARIGI;466;489;955
7799;VIBO VALENTIA;16291;17066;33357
7800;VIBONATI;1553;1684;3237
7801;VICALVI;378;428;806
7802;VICARI;1410;1538;2948
7803;VICCHIO;4036;4081;8117
7804;VICENZA;52603;58897;111500
7805;VICO CANAVESE;421;461;882
7806;VICO DEL GARGANO;3824;4037;7861
7807;VICO EQUENSE;10164;10675;20839
7808;VICO NEL LAZIO;1109;1147;2256
7809;VICOFORTE;1562;1605;3167
7810;VICOLI;189;207;396
7811;VICOLUNGO;429;454;883
7812;VICOPISANO;4108;4371;8479
7813;VICOVARO;1924;2013;3937
7814;VIDDALBA;861;833;1694
7815;VIDIGULFO;2965;2968;5933
7816;VIDOR;1862;1907;3769
7817;VIDRACCO;251;249;500
7818;VIESTE;6589;6682;13271
7819;VIETRI DI POTENZA;1454;1463;2917
7820;VIETRI SUL MARE;3932;4144;8076
7821;VIGANELLA;90;84;174
7822;VIGANO SAN MARTINO;636;616;1252
7823;VIGANO';986;1026;2012
7824;VIGARANO MAINARDA;3577;3854;7431
7825;VIGASIO;4750;4688;9438
7826;VIGEVANO;28610;31499;60109
7827;VIGGIANELLO;1524;1600;3124
7828;VIGGIANO;1553;1569;3122
7829;VIGGIU';2495;2712;5207
7830;VIGHIZZOLO D'ESTE;472;463;935
7831;VIGLIANO BIELLESE;3859;4321;8180
7832;VIGLIANO D'ASTI;459;428;887
7833;VIGNALE MONFERRATO;510;558;1068
7834;VIGNANELLO;2387;2439;4826
7835;VIGNATE;4447;4606;9053
7836;VIGNOLA;11740;12604;24344
7837;VIGNOLA-FALESINA;86;76;162
7838;VIGNOLE BORBERA;1077;1168;2245
7839;VIGNOLO;1242;1245;2487
7840;VIGNONE;619;601;1220
7841;VIGO DI CADORE;696;803;1499
7842;VIGO DI FASSA;614;593;1207
7843;VIGO RENDENA;239;262;501
7844;VIGODARZERE;6324;6561;12885
7845;VIGOLO;304;303;607
7846;VIGOLO VATTARO;1103;1086;2189
7847;VIGOLZONE;2075;2193;4268
7848;VIGONE;2546;2671;5217
7849;VIGONOVO;4896;4996;9892
7850;VIGONZA;10758;11235;21993
7851;VIGUZZOLO;1557;1652;3209
7852;VILLA AGNEDO;501;486;987
7853;VILLA BARTOLOMEA;2862;2979;5841
7854;VILLA BASILICA;842;858;1700
7855;VILLA BISCOSSI;33;42;75
7856;VILLA CARCINA;5237;5518;10755
7857;VILLA CASTELLI;4453;4505;8958
7858;VILLA CELIERA;351;396;747
7859;VILLA COLLEMANDINA;653;710;1363
7860;VILLA CORTESE;3027;3123;6150
7861;VILLA D'ADDA;2296;2439;4735
7862;VILLA D'ALME';3331;3480;6811
7863;VILLA D'OGNA;963;1008;1971
7864;VILLA DEL BOSCO;159;204;363
7865;VILLA DEL CONTE;2775;2729;5504
7866;VILLA DI BRIANO;3032;3034;6066
7867;VILLA DI CHIAVENNA;527;503;1030
7868;VILLA DI SERIO;3290;3330;6620
7869;VILLA DI TIRANO;1457;1500;2957
7870;VILLA ESTENSE;1160;1162;2322
7871;VILLA FARALDI;217;220;437
7872;VILLA GUARDIA;3797;3996;7793
7873;VILLA LAGARINA;1838;1854;3692
7874;VILLA LATINA;633;653;1286
7875;VILLA LITERNO;5305;5410;10715
7876;VILLA MINOZZO;1934;1966;3900
7877;VILLA POMA;961;1072;2033
7878;VILLA RENDENA;507;495;1002
7879;VILLA SAN GIOVANNI;6515;6880;13395
7880;VILLA SAN GIOVANNI IN TUSCIA;654;659;1313
7881;VILLA SAN PIETRO;1009;1000;2009
7882;VILLA SAN SECONDO;195;215;410
7883;VILLA SANT'ANGELO;204;221;425
7884;VILLA SANT'ANTONIO;185;197;382
7885;VILLA SANTA LUCIA;1307;1332;2639
7886;VILLA SANTA LUCIA DEGLI ABRUZZI;67;74;141
7887;VILLA SANTA MARIA;696;737;1433
7888;VILLA SANTINA;1038;1184;2222
7889;VILLA SANTO STEFANO;832;875;1707
7890;VILLA VERDE;164;171;335
7891;VILLA VICENTINA;704;683;1387
7892;VILLABASSA/NIEDERDORF;723;756;1479
7893;VILLABATE;9704;10115;19819
7894;VILLACHIARA;704;728;1432
7895;VILLACIDRO;7084;7197;14281
7896;VILLADEATI;257;266;523
7897;VILLADOSE;2564;2624;5188
7898;VILLADOSSOLA;3226;3551;6777
7899;VILLAFALLETTO;1448;1451;2899
7900;VILLAFRANCA D'ASTI;1578;1672;3250
7901;VILLAFRANCA DI VERONA;16132;16615;32747
7902;VILLAFRANCA IN LUNIGIANA;2319;2411;4730
7903;VILLAFRANCA PADOVANA;4809;4988;9797
7904;VILLAFRANCA PIEMONTE;2350;2475;4825
7905;VILLAFRANCA SICULA;663;763;1426
7906;VILLAFRANCA TIRRENA;4220;4528;8748
7907;VILLAFRATI;1642;1735;3377
7908;VILLAGA;979;984;1963
7909;VILLAGRANDE STRISAILI;1683;1693;3376
7910;VILLALAGO;262;327;589
7911;VILLALBA;839;892;1731
7912;VILLALFONSINA;463;514;977
7913;VILLALVERNIA;454;512;966
7914;VILLAMAGNA;1218;1219;2437
7915;VILLAMAINA;494;524;1018
7916;VILLAMAR;1451;1421;2872
7917;VILLAMARZANA;597;605;1202
7918;VILLAMASSARGIA;1833;1822;3655
7919;VILLAMIROGLIO;169;163;332
7920;VILLANDRO/VILLANDERS;982;911;1893
7921;VILLANOVA BIELLESE;96;94;190
7922;VILLANOVA CANAVESE;555;580;1135
7923;VILLANOVA D'ALBENGA;1243;1279;2522
7924;VILLANOVA D'ARDENGHI;381;389;770
7925;VILLANOVA D'ASTI;2818;2956;5774
7926;VILLANOVA DEL BATTISTA;866;911;1777
7927;VILLANOVA DEL GHEBBO;1078;1086;2164
7928;VILLANOVA DEL SILLARO;890;842;1732
7929;VILLANOVA DI CAMPOSAMPIERO;2916;3013;5929
7930;VILLANOVA MARCHESANA;498;502;1000
7931;VILLANOVA MONDOVI';2802;2967;5769
7932;VILLANOVA MONFERRATO;882;967;1849
7933;VILLANOVA MONTELEONE;1159;1216;2375
7934;VILLANOVA SOLARO;400;377;777
7935;VILLANOVA SULL'ARDA;950;986;1936
7936;VILLANOVA TRUSCHEDU;154;169;323
7937;VILLANOVA TULO;606;552;1158
7938;VILLANOVAFORRU;357;324;681
7939;VILLANOVAFRANCA;728;705;1433
7940;VILLANTERIO;1541;1612;3153
7941;VILLANUOVA SUL CLISI;2732;2929;5661
7942;VILLAPERUCCIO;543;554;1097
7943;VILLAPIANA;2553;2628;5181
7944;VILLAPUTZU;2430;2406;4836
7945;VILLAR DORA;1429;1522;2951
7946;VILLAR FOCCHIARDO;1025;1043;2068
7947;VILLAR PELLICE;547;573;1120
7948;VILLAR PEROSA;2026;2123;4149
7949;VILLAR SAN COSTANZO;758;744;1502
7950;VILLARBASSE;1614;1709;3323
7951;VILLARBOIT;237;228;465
7952;VILLAREGGIA;499;513;1012
7953;VILLARICCA;14755;15297;30052
7954;VILLAROMAGNANO;351;349;700
7955;VILLAROSA;2421;2709;5130
7956;VILLASALTO;547;580;1127
7957;VILLASANTA;6585;7034;13619
7958;VILLASIMIUS;1723;1697;3420
7959;VILLASOR;3400;3457;6857
7960;VILLASPECIOSA;1197;1210;2407
7961;VILLASTELLONE;2375;2489;4864
7962;VILLATA;819;799;1618
7963;VILLAURBANA;856;875;1731
7964;VILLAVALLELONGA;437;499;936
7965;VILLAVERLA;3092;3077;6169
7966;VILLENEUVE;634;602;1236
7967;VILLESSE;864;853;1717
7968;VILLETTA BARREA;321;331;652
7969;VILLETTE;129;135;264
7970;VILLIMPENTA;1050;1155;2205
7971;VILLONGO;3889;3730;7619
7972;VILLORBA;8734;9149;17883
7973;VILMINORE DI SCALVE;732;759;1491
7974;VIMERCATE;12108;13201;25309
7975;VIMODRONE;7958;8468;16426
7976;VINADIO;350;334;684
7977;VINCHIATURO;1600;1638;3238
7978;VINCHIO;338;319;657
7979;VINCI;6849;7256;14105
7980;VINOVO;6947;7161;14108
7981;VINZAGLIO;319;269;588
7982;VIOLA;213;212;425
7983;VIONE;329;394;723
7984;VIPITENO/STERZING;3191;3199;6390
7985;VIRGILIO;5298;5615;10913
7986;VIRLE PIEMONTE;594;597;1191
7987;VISANO;979;954;1933
7988;VISCHE;632;682;1314
7989;VISCIANO;2206;2344;4550
7990;VISCO;378;397;775
7991;VISONE;620;637;1257
7992;VISSO;559;621;1180
7993;VISTARINO;779;767;1546
7994;VISTRORIO;232;289;521
7995;VITA;1021;1118;2139
7996;VITERBO;30076;33133;63209
7997;VITICUSO;179;193;372
7998;VITO D'ASIO;407;411;818
7999;VITORCHIANO;2454;2502;4956
8000;VITTORIA;30307;30699;61006
8001;VITTORIO VENETO;13596;15060;28656
8002;VITTORITO;411;487;898
8003;VITTUONE;4357;4592;8949
8004;VITULANO;1498;1432;2930
8005;VITULAZIO;3454;3566;7020
8006;VIU';561;557;1118
8007;VIVARO;704;695;1399
8008;VIVARO ROMANO;84;93;177
8009;VIVERONE;679;744;1423
8010;VIZZINI;3025;3384;6409
8011;VIZZOLA TICINO;305;271;576
8012;VIZZOLO PREDABISSI;1989;2056;4045
8013;VO';1673;1744;3417
8014;VOBARNO;4125;4025;8150
8015;VOBBIA;247;216;463
8016;VOCCA;80;82;162
8017;VODO CADORE;438;453;891
8018;VOGHERA;17998;20176;38174
8019;VOGHIERA;1890;1957;3847
8020;VOGOGNA;853;898;1751
8021;VOLANO;1553;1572;3125
8022;VOLLA;11387;11602;22989
8023;VOLONGO;305;273;578
8024;VOLPAGO DEL MONTELLO;4957;5088;10045
8025;VOLPARA;65;68;133
8026;VOLPEDO;580;632;1212
8027;VOLPEGLINO;89;71;160
8028;VOLPIANO;7321;7677;14998
8029;VOLTA MANTOVANA;3545;3753;7298
8030;VOLTAGGIO;377;382;759
8031;VOLTAGO AGORDINO;445;469;914
8032;VOLTERRA;5142;5547;10689
8033;VOLTIDO;218;187;405
8034;VOLTURARA APPULA;212;269;481
8035;VOLTURARA IRPINA;1645;1756;3401
8036;VOLTURINO;842;939;1781
8037;VOLVERA;4311;4379;8690
8038;VOTTIGNASCO;282;265;547
8039;ZACCANOPOLI;391;411;802
8040;ZAFFERANA ETNEA;4572;4677;9249
8041;ZAGARISE;850;883;1733
8042;ZAGAROLO;8450;8472;16922
8043;ZAMBANA;829;791;1620
8044;ZAMBRONE;899;906;1805
8045;ZANDOBBIO;1380;1340;2720
8046;ZANE';3246;3396;6642
8047;ZANICA;4115;4078;8193
8048;ZAPPONETA;1690;1636;3326
8049;ZAVATTARELLO;509;527;1036
8050;ZECCONE;828;868;1696
8051;ZEDDIANI;586;572;1158
8052;ZELBIO;107;113;220
8053;ZELO BUON PERSICO;3407;3465;6872
8054;ZELO SURRIGONE;703;774;1477
8055;ZEME;564;518;1082
8056;ZENEVREDO;238;240;478
8057;ZENSON DI PIAVE;867;916;1783
8058;ZERBA;51;41;92
8059;ZERBO;198;247;445
8060;ZERBOLO';824;829;1653
8061;ZERFALIU;563;609;1172
8062;ZERI;577;624;1201
8063;ZERMEGHEDO;682;676;1358
8064;ZERO BRANCO;5473;5513;10986
8065;ZEVIO;7129;7284;14413
8066;ZIANO DI FIEMME;819;860;1679
8067;ZIANO PIACENTINO;1311;1324;2635
8068;ZIBELLO;881;960;1841
8069;ZIBIDO SAN GIACOMO;3253;3299;6552
8070;ZIGNAGO;255;269;524
8071;ZIMELLA;2429;2405;4834
8072;ZIMONE;204;221;425
8073;ZINASCO;1564;1659;3223
8074;ZOAGLI;1213;1303;2516
8075;ZOCCA;2447;2436;4883
8076;ZOGNO;4407;4647;9054
8077;ZOLA PREDOSA;8802;9391;18193
8078;ZOLDO ALTO;498;501;999
8079;ZOLLINO;979;1079;2058
8080;ZONE;545;546;1091
8081;ZOPPE' DI CADORE;132;133;265
8082;ZOPPOLA;4241;4178;8419
8083;ZOVENCEDO;422;374;796
8084;ZUBIENA;629;622;1251
8085;ZUCCARELLO;149;173;322
8086;ZUCLO;174;171;345
8087;ZUGLIANO;3263;3427;6690
8088;ZUGLIO;303;303;606
8089;ZUMAGLIA;543;586;1129
8090;ZUMPANO;1228;1240;2468
8091;ZUNGOLI;574;623;1197
8092;ZUNGRI;999;986;1985
